$SPEC_ID:
Spectech 2021
$SPEC_REM:
DET# 1
DETDESC# JLAB-10 MCB 130
AP# Maestro Version 7.01
$DATE_MEA:
10/07/2021 14:12:36
$MEAS_TIM:
1704 1707
$DATA:
0 2047
       0
       0
       0
       0
       0
       0
       0
       0
       0
       0
       0
       0
       0
       0
       0
       0
       0
       0
       0
       0
       0
       0
       0
       0
       0
       0
       0
       0
       0
       0
       0
       0
       0
       0
       0
       0
       0
       0
       0
       2
    1724
    2615
    2396
    2022
    1849
    1653
    1490
    1422
    1371
    1309
    1372
    1559
    1618
    1821
    2140
    2445
    2858
    3419
    3615
    3873
    3987
    3998
    3931
    3813
    3448
    3174
    2765
    2539
    2215
    1947
    1748
    1587
    1361
    1118
    1072
     908
     752
     685
     592
     529
     489
     487
     403
     421
     419
     359
     432
     413
     491
     507
     491
     535
     499
     490
     474
     431
     415
     354
     415
     371
     322
     352
     370
     387
     328
     345
     351
     365
     346
     335
     322
     327
     325
     291
     333
     329
     334
     340
     297
     304
     321
     309
     319
     317
     308
     298
     288
     305
     296
     316
     270
     277
     250
     279
     257
     272
     260
     252
     233
     249
     241
     235
     250
     241
     217
     195
     245
     218
     236
     217
     214
     213
     245
     271
     249
     288
     285
     320
     329
     345
     364
     331
     345
     351
     326
     275
     265
     224
     212
     191
     193
     189
     175
     143
     170
     156
     177
     155
     156
     163
     160
     138
     147
     138
     160
     145
     135
     141
     116
     121
     129
     132
     114
     127
     127
     110
     126
     130
     114
     135
     116
     114
     136
     103
     128
     137
     123
     129
     120
     117
     115
     114
     110
     116
     129
     117
     115
     116
     117
     121
     104
     131
     119
     101
     103
     108
     133
     111
     108
     104
     117
     103
     106
      96
      87
     101
      95
      91
      68
      83
      98
      76
      93
      93
      80
     104
     100
      78
      78
      76
      80
      87
      78
      89
      70
      71
      77
      86
      72
      76
      78
      83
      87
      66
      69
      75
      71
      76
      69
      61
      65
      69
      72
      70
      71
      65
      56
      69
      67
      85
      57
      77
      62
      59
      71
      64
      60
      57
      55
      76
      57
      50
      86
      52
      56
      61
      71
      77
      70
      53
      56
      69
      61
      64
      57
      42
      57
      62
      67
      61
      55
      40
      59
      53
      53
      49
      46
      56
      61
      51
      48
      49
      43
      46
      68
      46
      52
      45
      36
      46
      41
      35
      47
      43
      56
      40
      38
      45
      38
      45
      39
      40
      37
      37
      45
      36
      44
      38
      45
      30
      33
      41
      42
      50
      44
      42
      40
      33
      43
      44
      33
      42
      48
      46
      42
      47
      35
      37
      34
      41
      43
      40
      43
      49
      38
      43
      45
      34
      37
      34
      34
      44
      32
      42
      35
      36
      34
      40
      28
      33
      34
      34
      35
      47
      35
      38
      34
      32
      40
      31
      49
      37
      46
      22
      32
      38
      29
      35
      31
      31
      23
      25
      24
      26
      21
      20
      22
      22
      18
      23
      19
      17
      21
      16
      21
       6
      18
      18
      15
       9
      16
       3
      12
      11
       9
      11
      16
      11
      15
       8
      12
       6
      16
      16
      12
      10
      12
       7
      11
      17
      14
       9
       9
      13
      20
      14
       6
       8
      11
       6
      10
       7
       9
      13
      11
       4
       6
       3
       9
      10
       7
      11
       3
       8
      11
       8
       7
       9
       5
       7
       6
       8
       5
       5
      14
       8
       6
      14
       6
       8
       9
       3
       9
       2
       6
       9
      10
      10
       9
      11
       2
      12
       8
      12
       7
       8
       8
      11
       4
       7
       7
       8
      10
      10
       6
       7
       4
      12
       7
       4
      10
       6
       7
       9
       8
       8
       8
      11
       4
       4
       5
       4
       2
       5
       4
       8
       3
       3
       5
       5
       9
       2
       6
       5
       4
       2
       5
       5
       5
       4
       2
       9
       2
       5
       4
       3
       3
       6
       6
       4
       3
       4
       3
       3
       2
       1
       2
       3
       3
       2
       2
       4
       3
       3
       1
       2
       2
       1
       2
       1
       3
       0
       2
       3
       3
       2
       1
       4
       2
       0
       1
       2
       2
       0
       4
       2
       5
       3
       0
       3
       5
       4
       6
       3
       3
       2
       0
       1
       3
       0
       3
       2
       4
       2
       3
       4
       1
       1
       1
       2
       1
       3
       2
       1
       1
       1
       6
       2
       1
       1
       6
       1
       1
       1
       0
       3
       2
       0
       0
       1
       1
       0
       3
       2
       2
       3
       1
       4
       0
       2
       4
       4
       2
       1
       4
       0
       0
       0
       1
       2
       2
       2
       1
       0
       1
       2
       2
       2
       0
       0
       0
       1
       2
       2
       1
       0
       1
       1
       0
       1
       0
       2
       0
       0
       1
       1
       0
       1
       0
       2
       0
       0
       2
       0
       0
       1
       0
       0
       1
       0
       1
       0
       1
       3
       1
       1
       0
       1
       3
       2
       2
       3
       1
       1
       0
       0
       1
       0
       0
       0
       0
       0
       0
       0
       0
       1
       0
       0
       0
       0
       0
       0
       0
       0
       0
       0
       0
       0
       0
       0
       1
       0
       0
       0
       0
       0
       0
       0
       0
       0
       0
       0
       0
       0
       1
       0
       0
       0
       0
       0
       0
       0
       0
       0
       0
       0
       1
       1
       0
       0
       0
       0
       0
       0
       0
       0
       0
       0
       0
       0
       0
       0
       0
       0
       0
       0
       0
       1
       0
       0
       0
       0
       0
       0
       0
       0
       0
       0
       0
       0
       0
       0
       0
       0
       0
       0
       0
       0
       0
       0
       0
       0
       0
       0
       0
       0
       0
       0
       0
       0
       0
       0
       0
       0
       0
       0
       0
       0
       0
       0
       0
       0
       0
       0
       0
       0
       0
       0
       0
       0
       0
       0
       0
       0
       0
       0
       0
       0
       0
       0
       0
       0
       0
       0
       0
       0
       0
       0
       0
       0
       0
       0
       0
       0
       0
       0
       0
       0
       0
       0
       0
       0
       0
       0
       0
       0
       0
       0
       0
       0
       0
       0
       0
       0
       0
       0
       0
       0
       1
       0
       0
       0
       0
       0
       0
       0
       0
       0
       0
       0
       0
       0
       0
       0
       0
       0
       0
       0
       0
       0
       0
       0
       0
       0
       0
       0
       0
       0
       0
       0
       0
       0
       0
       0
       0
       0
       0
       0
       0
       0
       0
       0
       0
       0
       0
       0
       0
       0
       0
       0
       0
       0
       0
       0
       0
       0
       0
       0
       0
       0
       0
       0
       0
       0
       0
       1
       0
       0
       0
       0
       0
       0
       0
       0
       0
       0
       1
       0
       0
       0
       0
       0
       0
       0
       0
       0
       0
       0
       0
       0
       0
       0
       0
       0
       0
       0
       1
       0
       0
       0
       0
       0
       0
       0
       0
       0
       0
       0
       0
       0
       0
       0
       0
       0
       0
       0
       0
       0
       0
       0
       0
       0
       0
       0
       0
       0
       0
       1
       0
       0
       0
       0
       0
       0
       0
       0
       0
       0
       0
       0
       0
       0
       0
       0
       0
       0
       0
       0
       0
       0
       0
       0
       0
       0
       0
       0
       0
       0
       0
       0
       0
       0
       0
       0
       0
       0
       0
       0
       0
       0
       0
       0
       0
       0
       0
       0
       0
       0
       0
       0
       0
       0
       0
       0
       0
       0
       0
       0
       0
       0
       0
       0
       0
       0
       0
       0
       0
       0
       0
       0
       0
       0
       0
       0
       0
       0
       0
       0
       0
       0
       0
       0
       0
       0
       0
       0
       0
       0
       0
       0
       0
       0
       0
       0
       0
       0
       0
       0
       0
       0
       1
       0
       0
       0
       0
       0
       0
       0
       0
       0
       0
       0
       0
       0
       0
       0
       0
       0
       0
       0
       0
       0
       0
       0
       0
       0
       0
       0
       0
       0
       0
       0
       0
       0
       0
       0
       0
       0
       0
       0
       0
       0
       0
       0
       0
       0
       0
       0
       0
       0
       0
       0
       0
       0
       0
       0
       0
       0
       0
       0
       0
       0
       0
       0
       0
       0
       0
       0
       0
       0
       0
       0
       0
       0
       0
       0
       0
       0
       0
       0
       0
       0
       0
       0
       0
       0
       0
       0
       0
       0
       0
       0
       0
       0
       0
       0
       0
       0
       0
       0
       0
       0
       0
       0
       0
       0
       0
       0
       0
       0
       0
       0
       0
       0
       0
       0
       0
       0
       0
       0
       0
       0
       0
       0
       0
       0
       0
       0
       0
       0
       0
       0
       0
       0
       0
       0
       0
       0
       0
       0
       0
       0
       0
       0
       0
       0
       0
       0
       0
       0
       0
       0
       0
       0
       0
       0
       0
       1
       0
       0
       0
       0
       0
       0
       0
       0
       0
       0
       0
       0
       0
       0
       0
       0
       0
       0
       0
       0
       0
       0
       0
       0
       0
       0
       0
       0
       0
       0
       0
       0
       0
       0
       0
       0
       0
       0
       0
       0
       1
       0
       0
       0
       0
       0
       0
       0
       0
       0
       0
       0
       0
       0
       0
       0
       0
       0
       0
       0
       0
       0
       0
       0
       0
       0
       0
       0
       0
       0
       0
       0
       0
       0
       0
       0
       0
       0
       0
       0
       0
       0
       0
       0
       0
       0
       0
       0
       0
       0
       0
       0
       0
       0
       0
       0
       0
       0
       0
       0
       0
       0
       0
       0
       0
       0
       0
       0
       0
       0
       0
       0
       0
       0
       0
       0
       0
       0
       0
       0
       0
       0
       0
       0
       0
       0
       0
       0
       0
       0
       0
       0
       0
       0
       0
       0
       0
       0
       0
       0
       0
       0
       0
       0
       0
       0
       0
       0
       0
       0
       0
       0
       0
       0
       0
       0
       0
       0
       0
       0
       0
       0
       0
       0
       0
       0
       0
       0
       0
       0
       0
       0
       0
       0
       0
       0
       0
       0
       0
       0
       0
       0
       0
       0
       0
       0
       0
       0
       0
       0
       0
       0
       0
       0
       0
       1
       0
       0
       0
       0
       0
       0
       0
       0
       0
       0
       0
       0
       0
       0
       0
       0
       0
       0
       0
       0
       0
       0
       0
       0
       0
       0
       0
       0
       0
       0
       0
       0
       0
       0
       0
       0
       0
       0
       0
       0
       0
       0
       0
       0
       0
       0
       0
       0
       0
       0
       0
       0
       0
       0
       0
       0
       0
       0
       0
       0
       0
       0
       0
       0
       0
       0
       0
       0
       0
       0
       0
       0
       0
       0
       0
       0
       0
       0
       0
       0
       0
       0
       0
       0
       0
       0
       0
       0
       0
       0
       0
       0
       0
       0
       0
       0
       0
       0
       0
       0
       0
       0
       0
       0
       0
       0
       0
       0
       0
       0
       0
       0
       0
       0
       0
       0
       0
       0
       0
       0
       0
       0
       0
       0
       0
       0
       0
       0
       0
       0
       0
       0
       0
       0
       0
       0
       0
       0
       0
       0
       0
       0
       0
       0
       0
       0
       0
       0
       0
       0
       0
       0
       0
       0
       0
       0
       0
       0
       0
       0
       0
       0
       0
       0
       0
       0
       0
       0
       0
       0
       0
       0
       0
       0
       0
       0
       0
       0
       0
       0
       0
       0
       0
       0
       0
       0
       0
       0
       0
       0
       0
       0
       0
       0
       0
       0
       0
       0
       0
       0
       0
       0
       0
       0
       0
       0
       0
       0
       0
       0
       0
       0
       0
       0
       0
       0
       0
       0
       0
       0
       0
       0
       0
       0
       0
       0
       0
       0
       0
       0
       0
       0
       0
       0
       0
       0
       0
       0
       0
       0
       0
       0
       0
       0
       0
       0
       0
       0
       0
       0
       0
       0
       0
       0
       0
       0
       0
       0
       0
       0
       0
       0
       0
       0
       0
       0
       0
       0
       0
       0
       0
       0
       0
       0
       0
       0
       0
       0
       0
       0
       0
       0
       0
       0
       0
       0
       0
       0
       0
       0
       0
       0
       0
       0
       0
       0
       0
       0
       0
       0
       0
       0
       0
       0
       0
       0
       0
       0
       0
       0
       0
       0
       0
       0
       0
       0
       0
       0
       0
       0
       0
       0
       0
       0
       0
       0
       0
       0
       0
       0
       0
       0
       0
       0
       0
       0
       0
       0
       0
       0
       0
       0
       0
       0
       0
       0
       0
       0
       0
       0
       0
       0
       0
       0
       0
       0
       0
       0
       0
       0
       0
       0
       0
       0
       0
       0
       0
       0
       0
       0
       0
       0
       0
       0
       0
       0
       0
       0
       0
       0
       0
       0
       0
       0
       0
       0
       0
       0
       0
       0
       0
       0
       0
       0
       0
       0
       0
       0
       0
       0
       0
       0
       0
       0
       0
       0
       0
       0
       0
       0
       0
       0
       0
       0
       0
       0
       0
       0
       0
       0
       0
       0
       0
       0
       0
       0
       0
       0
       0
       0
       0
       0
       0
       0
       0
       0
       0
       0
       0
       0
       0
       0
       0
       0
       0
       0
       0
       0
       0
       0
       0
       0
       0
       0
       0
       0
       0
       0
       0
       0
       0
       0
       0
       0
       0
       0
       0
       0
       0
       0
       0
       0
       0
       0
       0
       0
       0
       0
       0
       0
       0
       0
       0
       0
       0
       0
       0
       0
       0
       0
       0
       0
       0
       0
       0
       0
       0
       0
       0
       0
       0
       0
       0
       0
       0
       0
       0
       0
       0
       0
       0
       0
       0
       0
       0
       0
       0
       0
       0
       0
       0
       0
       0
       0
       0
       0
       0
       0
       0
       0
       0
       0
       0
       0
       0
       0
       0
       0
       0
       0
       0
       0
       0
       0
       0
       0
       0
       0
       0
       0
       0
       0
       0
       0
       0
       0
       0
       0
       0
       0
       0
       0
       0
       0
       0
       0
       0
       0
       0
       0
       0
       0
       0
       0
$ROI:
0
$PRESETS:
None
0
0
$ENER_FIT:
0.000000 0.507705
$MCA_CAL:
3
0.000000E+000 5.077049E-001 0.000000E+000 keV
$SHAPE_CAL:
3
0.000000E+000 0.000000E+000 0.000000E+000
