$SPEC_ID:
Spectech 2021
$SPEC_REM:
DET# 1
DETDESC# JLAB-10 MCB 130
AP# Maestro Version 7.01
$DATE_MEA:
10/07/2021 16:09:45
$MEAS_TIM:
1070 1074
$DATA:
0 2047
       0
       0
       0
       0
       0
       0
       0
       0
       0
       0
       0
       0
       0
       0
       0
       0
       0
       0
       0
       0
       0
       0
       0
       0
       0
       0
       0
       0
       0
       0
       0
       0
       0
       0
       0
       0
       0
       0
       0
       0
     410
     532
     583
     513
     515
     522
     539
     531
     504
     504
     541
     498
     517
     487
     519
     529
     515
     528
     584
     531
     564
     572
     573
     592
     618
     652
     658
     629
     664
     659
     684
     776
     772
     795
     857
     901
     916
    1035
    1164
    1232
    1426
    1574
    1691
    1866
    1938
    2213
    2409
    2543
    2736
    2643
    2737
    2807
    2831
    2811
    2689
    2546
    2321
    2281
    2153
    2038
    1836
    1636
    1484
    1376
    1228
    1140
    1016
     863
     747
     711
     581
     543
     464
     413
     357
     283
     279
     245
     230
     203
     208
     180
     165
     159
     153
     144
     162
     164
     159
     128
     153
     134
     141
     160
     158
     152
     151
     153
     157
     147
     145
     157
     153
     168
     148
     150
     158
     165
     162
     192
     148
     171
     174
     158
     211
     188
     200
     216
     165
     167
     183
     164
     186
     162
     171
     177
     159
     164
     176
     161
     174
     166
     183
     180
     168
     188
     171
     189
     175
     199
     154
     146
     158
     178
     143
     140
     148
     154
     139
     151
     138
     174
     157
     159
     171
     138
     145
     143
     128
     131
     120
     120
     121
     108
     134
     131
     107
     110
     114
     126
     119
     113
     107
     116
     104
      94
     109
     121
     125
     133
     116
     118
     138
     144
     143
     165
     178
     190
     206
     193
     213
     203
     208
     244
     225
     245
     224
     228
     189
     210
     186
     158
     144
     136
     112
     135
     113
      96
      89
      85
      77
      87
      71
      71
      69
      50
      66
      67
      68
      61
      61
      64
      56
      62
      53
      65
      72
      64
      60
      63
      65
      61
      60
      46
      65
      48
      59
      72
      58
      62
      48
      60
      55
      59
      53
      58
      54
      45
      53
      58
      70
      52
      52
      62
      51
      51
      62
      55
      59
      44
      47
      57
      58
      48
      49
      37
      54
      57
      45
      55
      54
      44
      62
      46
      56
      46
      57
      41
      43
      60
      47
      49
      46
      69
      54
      57
      55
      49
      34
      47
      47
      51
      50
      49
      45
      40
      59
      54
      47
      49
      43
      60
      53
      56
      52
      50
      41
      51
      41
      52
      42
      56
      42
      41
      43
      31
      46
      44
      42
      46
      46
      41
      43
      47
      38
      45
      43
      59
      47
      39
      45
      65
      42
      41
      40
      45
      38
      47
      47
      49
      46
      40
      43
      46
      49
      40
      37
      39
      40
      42
      46
      41
      46
      32
      53
      51
      44
      58
      45
      39
      39
      43
      46
      48
      47
      32
      49
      33
      48
      41
      41
      34
      38
      39
      39
      44
      43
      35
      42
      28
      43
      43
      38
      55
      37
      44
      42
      46
      43
      39
      43
      35
      46
      46
      47
      44
      40
      26
      34
      50
      37
      37
      43
      35
      42
      36
      41
      43
      35
      40
      50
      44
      54
      32
      52
      32
      32
      33
      35
      28
      42
      47
      48
      41
      43
      41
      44
      46
      37
      29
      39
      35
      35
      24
      34
      42
      43
      27
      29
      19
      28
      41
      33
      28
      32
      34
      35
      33
      29
      36
      35
      33
      35
      32
      33
      27
      24
      38
      28
      40
      32
      27
      32
      36
      40
      33
      24
      27
      39
      30
      33
      25
      23
      25
      30
      27
      28
      30
      33
      35
      26
      31
      38
      22
      26
      36
      24
      30
      40
      29
      29
      24
      24
      27
      34
      27
      18
      28
      31
      28
      31
      32
      32
      37
      30
      25
      30
      35
      36
      30
      26
      31
      21
      20
      29
      30
      30
      33
      38
      24
      31
      40
      21
      31
      34
      32
      30
      23
      27
      35
      35
      25
      33
      28
      25
      24
      32
      20
      27
      27
      29
      23
      30
      21
      26
      28
      20
      23
      25
      21
      28
      21
      20
      20
      22
      18
      13
      17
      22
      21
      20
      18
      19
      18
      10
      19
      15
      10
       7
       9
      11
       9
      11
      11
      12
      10
       9
      11
       7
       8
      10
       9
       9
       9
      10
      10
       3
      11
      11
       9
      13
      10
      12
      18
       8
       5
      13
      11
       3
       8
       9
       5
       7
       9
       6
      10
       9
      13
       4
      12
       6
       6
       7
      10
       7
       4
      10
       6
       7
       9
       7
       7
       4
       8
       3
       6
       2
      12
       9
       4
       6
       3
       4
       5
       5
       8
      10
       5
       6
       2
       3
      10
       2
       9
       3
       5
       5
       7
       3
       7
       6
       2
       6
       7
      12
       7
       3
       6
       7
       8
       5
       4
       4
      10
       7
       8
       6
       6
       3
       5
       2
       5
       6
       4
       3
       0
       6
       7
       6
      12
       4
       3
       8
       6
       4
       6
       4
       7
       3
       7
       9
       8
       4
      13
       7
       9
       4
       5
       2
       7
       7
       6
       6
       6
       5
      11
       6
       7
       6
       4
       6
       2
       6
       4
      10
       6
       8
       5
       5
       4
       3
      10
       4
       5
       3
       9
       3
       4
       5
       4
       8
       2
       1
       4
       4
       3
       3
       5
       1
       1
       4
       2
       0
       3
       3
       4
       2
       3
       6
       3
       1
       4
       4
       1
       3
       0
       3
       4
       0
       0
       1
       5
       5
       1
       3
       1
       0
       1
       3
       3
       2
       1
       1
       3
       0
       1
       3
       4
       2
       1
       1
       1
       2
       2
       2
       1
       2
       4
       2
       4
       2
       0
       4
       0
       2
       3
       2
       1
       2
       2
       0
       0
       2
       4
       0
       0
       6
       3
       4
       1
       1
       2
       0
       0
       5
       1
       1
       1
       1
       1
       1
       1
       2
       2
       5
       2
       1
       2
       2
       0
       2
       1
       1
       3
       1
       4
       3
       2
       5
       0
       2
       0
       2
       0
       0
       1
       0
       2
       1
       1
       2
       4
       1
       2
       1
       1
       4
       0
       2
       1
       0
       1
       1
       1
       2
       3
       3
       3
       2
       2
       1
       0
       0
       0
       2
       1
       2
       0
       1
       1
       2
       0
       4
       0
       0
       2
       0
       0
       1
       1
       1
       2
       1
       1
       1
       1
       0
       1
       3
       1
       1
       1
       2
       0
       0
       3
       0
       1
       1
       2
       1
       0
       1
       0
       0
       0
       1
       1
       0
       2
       2
       0
       1
       0
       0
       0
       2
       0
       0
       1
       0
       0
       0
       0
       0
       0
       2
       0
       0
       0
       1
       3
       0
       1
       1
       0
       0
       1
       0
       0
       0
       0
       1
       0
       1
       0
       2
       0
       1
       0
       0
       0
       0
       0
       2
       1
       0
       0
       0
       0
       1
       0
       0
       0
       0
       0
       0
       1
       1
       2
       1
       1
       2
       2
       1
       1
       1
       1
       5
       0
       0
       0
       2
       3
       0
       0
       0
       0
       0
       0
       0
       0
       0
       0
       0
       0
       0
       0
       0
       0
       0
       0
       0
       0
       0
       1
       0
       0
       0
       0
       0
       2
       0
       0
       0
       0
       0
       0
       0
       0
       0
       0
       0
       0
       0
       0
       0
       0
       0
       0
       0
       0
       0
       0
       0
       1
       0
       0
       1
       0
       0
       0
       0
       0
       0
       0
       0
       0
       0
       1
       0
       0
       0
       0
       0
       0
       0
       0
       0
       0
       0
       0
       0
       0
       0
       1
       0
       0
       0
       0
       0
       1
       0
       0
       0
       0
       0
       0
       0
       0
       0
       0
       0
       0
       0
       0
       0
       0
       0
       0
       0
       0
       0
       0
       0
       0
       0
       0
       0
       0
       0
       0
       0
       0
       1
       0
       0
       0
       0
       0
       0
       0
       0
       0
       0
       0
       0
       0
       0
       0
       0
       0
       0
       0
       0
       0
       0
       0
       0
       0
       0
       0
       0
       0
       0
       0
       0
       0
       0
       0
       0
       0
       0
       0
       0
       0
       0
       0
       0
       0
       0
       0
       0
       0
       0
       0
       0
       0
       0
       0
       0
       0
       0
       0
       0
       0
       0
       0
       0
       0
       0
       0
       0
       0
       0
       0
       0
       0
       0
       0
       0
       0
       0
       0
       0
       0
       0
       0
       0
       0
       0
       0
       0
       0
       0
       0
       0
       0
       0
       0
       0
       0
       0
       0
       0
       0
       0
       0
       0
       0
       0
       0
       0
       0
       0
       0
       0
       0
       0
       0
       0
       0
       0
       0
       0
       0
       0
       0
       0
       0
       0
       0
       0
       0
       0
       0
       0
       0
       0
       0
       0
       0
       0
       0
       0
       0
       0
       0
       0
       0
       0
       0
       0
       0
       0
       0
       0
       0
       0
       0
       0
       0
       0
       0
       0
       0
       0
       0
       0
       0
       0
       0
       0
       0
       0
       0
       0
       0
       0
       0
       0
       0
       0
       0
       0
       0
       0
       0
       0
       0
       0
       0
       0
       0
       0
       0
       0
       0
       0
       0
       0
       0
       0
       0
       0
       0
       0
       0
       0
       0
       0
       0
       0
       0
       0
       0
       0
       0
       0
       0
       0
       0
       0
       0
       0
       0
       0
       0
       0
       0
       0
       0
       0
       0
       0
       0
       0
       0
       0
       0
       0
       0
       0
       0
       0
       0
       0
       0
       0
       0
       0
       0
       0
       0
       0
       0
       0
       0
       1
       0
       0
       0
       0
       0
       0
       0
       0
       0
       0
       0
       0
       0
       0
       0
       0
       0
       0
       0
       0
       0
       0
       0
       0
       0
       0
       0
       0
       0
       0
       0
       0
       0
       0
       0
       0
       0
       0
       0
       0
       0
       0
       0
       0
       0
       0
       0
       0
       0
       0
       0
       0
       0
       0
       0
       0
       0
       0
       0
       1
       0
       0
       0
       0
       0
       0
       0
       0
       0
       0
       0
       0
       0
       0
       0
       0
       0
       0
       0
       0
       0
       0
       0
       0
       0
       1
       0
       0
       0
       0
       0
       0
       0
       0
       0
       0
       0
       0
       0
       0
       0
       0
       0
       0
       0
       0
       0
       0
       0
       0
       0
       0
       0
       0
       0
       0
       0
       0
       0
       0
       0
       0
       0
       0
       0
       0
       0
       0
       0
       0
       0
       0
       0
       0
       0
       0
       0
       0
       0
       0
       0
       0
       0
       0
       0
       0
       0
       0
       0
       0
       0
       0
       0
       0
       0
       0
       0
       0
       0
       0
       0
       0
       0
       0
       0
       0
       0
       0
       0
       0
       0
       0
       0
       0
       0
       0
       0
       0
       0
       0
       0
       0
       0
       0
       0
       0
       0
       0
       0
       0
       0
       0
       0
       0
       0
       0
       0
       0
       0
       0
       0
       0
       0
       0
       0
       0
       0
       0
       0
       0
       0
       0
       0
       0
       0
       0
       0
       0
       0
       0
       0
       0
       0
       0
       0
       0
       0
       0
       0
       0
       0
       0
       0
       0
       0
       0
       0
       0
       0
       0
       0
       0
       0
       0
       0
       0
       0
       0
       0
       0
       0
       0
       0
       0
       0
       0
       0
       0
       0
       0
       0
       0
       0
       0
       0
       0
       0
       0
       0
       0
       0
       0
       0
       0
       0
       0
       0
       0
       0
       0
       0
       0
       0
       0
       0
       1
       0
       0
       0
       0
       0
       0
       0
       0
       0
       0
       0
       0
       0
       0
       0
       0
       0
       0
       0
       0
       0
       0
       0
       0
       0
       0
       0
       0
       0
       0
       0
       0
       0
       0
       0
       0
       0
       0
       0
       0
       0
       0
       0
       0
       0
       0
       0
       0
       0
       0
       0
       0
       0
       0
       0
       0
       0
       0
       0
       0
       0
       0
       0
       0
       0
       0
       0
       0
       0
       0
       0
       0
       0
       0
       0
       0
       0
       0
       0
       0
       0
       0
       0
       0
       0
       0
       0
       0
       0
       0
       0
       0
       0
       0
       0
       0
       0
       0
       0
       0
       0
       0
       0
       0
       0
       0
       0
       0
       0
       0
       0
       0
       0
       0
       0
       0
       0
       0
       0
       0
       0
       0
       0
       0
       0
       0
       0
       0
       0
       0
       0
       0
       0
       0
       0
       0
       0
       0
       0
       0
       0
       0
       0
       0
       0
       0
       0
       0
       0
       0
       0
       0
       0
       0
       0
       0
       0
       0
       0
       0
       0
       0
       0
       0
       0
       0
       0
       0
       0
       0
       0
       0
       0
       0
       0
       0
       0
       0
       0
       0
       0
       0
       0
       0
       0
       0
       0
       0
       0
       0
       0
       0
       0
       0
       0
       0
       0
       0
       0
       0
       0
       0
       0
       0
       0
       0
       0
       0
       0
       0
       0
       0
       0
       0
       0
       0
       0
       0
       0
       0
       0
       0
       0
       0
       0
       0
       0
       0
       0
       0
       0
       0
       0
       0
       0
       0
       0
       0
       0
       0
       0
       0
       0
       0
       0
       0
       0
       0
       0
       0
       0
       0
       0
       0
       0
       0
       0
       0
       0
       0
       0
       0
       0
       0
       0
       0
       0
       0
       0
       0
       0
       0
       0
       0
       0
       0
       0
       0
       0
       0
       0
       0
       0
       0
       0
       0
       0
       0
       0
       0
       0
       0
       0
       0
       0
       0
       0
       0
       0
       0
       0
       0
       0
       0
       0
       0
       0
       0
       0
       0
       0
       0
       0
       0
       0
       0
       0
       0
       0
       0
       0
       0
       0
       0
       0
       0
       0
       0
       0
       0
       0
       0
       0
       0
       0
       0
       0
       0
       0
       0
       0
       0
       0
       0
       0
       0
       0
       0
       0
       0
       0
       0
       0
$ROI:
0
$PRESETS:
None
0
0
$ENER_FIT:
0.000000 0.344111
$MCA_CAL:
3
0.000000E+000 3.441111E-001 0.000000E+000 keV
$SHAPE_CAL:
3
0.000000E+000 0.000000E+000 0.000000E+000
