################################################################################################
### CosmicWatch: The Desktop Muon Detector
### Device ID: KatherineJohnson
### Launch time: 22:56:39 2/1/2019
### Questions? Email Spencer N. Axani (saxani@mit.edu)
### Event Time Date TimeStamp[ms] ADC1 ADC2 SiPM[mV] Temp[C] Pressure[Pa] DeadTime[us] Coincident
################################################################################################
1	22:56:40	2/1/2019 	257	421.00	6.00	12.13	29.44	101062.91	50623	0	
2	22:56:40	2/1/2019 	577	296.00	6.00	10.94	29.44	101063.56	56617	0	
3	22:56:40	2/1/2019 	933	68.00	5.00	5.95	29.44	101064.39	1846	0	
4	22:56:41	2/1/2019 	1182	156.00	6.00	8.17	29.44	101064.39	1846	0	
5	22:56:41	2/1/2019 	1972	661.00	14.00	15.95	29.44	101064.61	52479	0	
6	22:56:42	2/1/2019 	2402	62.00	5.00	5.90	29.44	101065.60	1848	0	
7	22:56:42	2/1/2019 	2638	944.00	184.00	43.80	29.44	101066.42	52482	1	
8	22:56:42	2/1/2019 	2910	769.00	40.00	21.39	29.44	101066.42	1847	0	
9	22:56:43	2/1/2019 	3022	72.00	5.00	6.00	29.44	101066.42	1847	0	
10	22:56:43	2/1/2019 	3114	734.00	33.00	20.36	29.44	101066.42	3890	0	
11	22:56:43	2/1/2019 	3420	253.00	5.00	10.27	29.44	101066.52	1849	0	
12	22:56:44	2/1/2019 	4323	510.00	6.00	12.69	29.44	101067.24	52478	0	
13	22:56:44	2/1/2019 	4331	591.00	8.00	13.73	29.44	101067.24	1847	0	
14	22:56:44	2/1/2019 	4906	254.00	5.00	10.29	29.44	101067.73	52478	0	
15	22:56:45	2/1/2019 	5022	123.00	5.00	7.23	29.44	101067.73	1847	0	
16	22:56:45	2/1/2019 	5058	344.00	6.00	11.50	29.44	101067.73	1849	0	
17	22:56:45	2/1/2019 	5597	931.00	130.00	35.83	29.43	101067.80	54464	1	
18	22:56:45	2/1/2019 	5833	932.00	131.00	36.01	29.43	101067.80	1849	0	
19	22:56:46	2/1/2019 	6090	190.00	6.00	9.05	29.43	101068.29	1847	0	
20	22:56:46	2/1/2019 	6834	125.00	5.00	7.28	29.43	101068.36	52478	0	
21	22:56:46	2/1/2019 	6963	196.00	5.00	9.17	29.43	101068.36	1848	0	
22	22:56:47	2/1/2019 	7066	537.00	6.00	12.89	29.43	101068.36	1847	0	
23	22:56:47	2/1/2019 	7477	696.00	20.00	17.80	29.43	101068.45	1848	0	
24	22:56:47	2/1/2019 	7851	423.00	6.00	12.14	29.43	101068.94	54466	0	
25	22:56:47	2/1/2019 	7898	945.00	146.00	38.64	29.43	101068.94	1847	1	
26	22:56:48	2/1/2019 	8291	223.00	9.00	9.80	29.43	101069.17	1848	0	
27	22:56:48	2/1/2019 	8905	797.00	55.00	22.98	29.43	101069.83	52480	0	
28	22:56:48	2/1/2019 	8940	82.00	5.00	6.17	29.43	101069.83	1848	0	
29	22:56:49	2/1/2019 	9241	86.00	5.00	6.25	29.43	101069.83	1847	0	
30	22:56:49	2/1/2019 	9453	908.00	112.00	32.34	29.42	101070.05	1848	0	
31	22:56:49	2/1/2019 	9482	314.00	6.00	11.16	29.42	101070.05	3834	0	
32	22:56:50	2/1/2019 	10032	199.00	6.00	9.25	29.42	101070.12	52479	0	
33	22:56:50	2/1/2019 	10100	97.00	5.00	6.51	29.42	101070.12	2604	0	
34	22:56:50	2/1/2019 	10225	102.00	5.00	6.64	29.42	101070.12	1847	0	
35	22:56:50	2/1/2019 	10295	368.00	6.00	11.73	29.42	101070.12	1847	0	
36	22:56:50	2/1/2019 	10585	628.00	10.00	14.58	29.42	101070.20	52478	0	
37	22:56:50	2/1/2019 	10842	85.00	5.00	6.23	29.42	101070.20	1847	0	
38	22:56:51	2/1/2019 	11328	939.00	269.00	52.52	29.42	101070.38	1852	1	
39	22:56:51	2/1/2019 	11755	157.00	6.00	8.20	29.42	101070.44	54613	0	
40	22:56:52	2/1/2019 	12174	551.00	7.00	13.15	29.41	101070.66	1846	0	
41	22:56:52	2/1/2019 	12551	393.00	6.00	11.93	29.41	101070.66	52481	0	
42	22:56:52	2/1/2019 	12611	74.00	5.00	6.03	29.41	101070.66	1847	0	
43	22:56:53	2/1/2019 	13010	411.00	6.00	12.06	29.41	101070.56	1847	0	
44	22:56:53	2/1/2019 	13089	677.00	16.00	16.65	29.41	101070.56	1847	0	
45	22:56:53	2/1/2019 	13271	210.00	6.00	9.49	29.41	101070.45	1845	0	
46	22:56:53	2/1/2019 	13406	150.00	6.00	8.01	29.41	101070.45	3833	0	
47	22:56:53	2/1/2019 	13751	704.00	22.00	18.31	29.41	101070.45	52478	0	
48	22:56:53	2/1/2019 	13942	477.00	6.00	12.47	29.41	101070.52	1847	0	
49	22:56:54	2/1/2019 	14113	56.00	5.00	5.88	29.41	101070.52	1847	0	
50	22:56:54	2/1/2019 	14117	761.00	45.00	21.84	29.41	101070.52	1848	0	
51	22:56:55	2/1/2019 	15063	815.00	59.00	23.45	29.40	101071.23	52478	0	
52	22:56:55	2/1/2019 	15312	89.00	5.00	6.32	29.40	101071.23	1848	0	
53	22:56:55	2/1/2019 	15482	301.00	6.00	11.00	29.40	101071.23	3833	0	
54	22:56:55	2/1/2019 	15697	428.00	6.00	12.18	29.40	101071.30	52476	0	
55	22:56:55	2/1/2019 	15895	164.00	5.00	8.38	29.40	101071.30	1846	0	
56	22:56:56	2/1/2019 	16131	137.00	5.00	7.63	29.40	101071.55	1847	0	
57	22:56:56	2/1/2019 	16252	721.00	27.00	19.39	29.40	101071.55	1848	0	
58	22:56:56	2/1/2019 	16647	169.00	6.00	8.52	29.40	101071.62	52481	1	
59	22:56:56	2/1/2019 	16676	200.00	5.00	9.26	29.40	101071.62	1855	0	
60	22:56:57	2/1/2019 	17141	134.00	5.00	7.54	29.40	101071.62	3896	0	
61	22:56:57	2/1/2019 	17928	97.00	5.00	6.51	29.39	101071.73	52483	0	
62	22:56:58	2/1/2019 	18960	598.00	8.00	13.81	29.39	101072.49	52479	0	
63	22:56:59	2/1/2019 	19358	736.00	34.00	20.50	29.39	101072.49	1847	0	
64	22:57:00	2/1/2019 	20382	80.00	5.00	6.13	29.38	101072.61	52479	0	
65	22:57:00	2/1/2019 	20497	149.00	5.00	7.97	29.38	101072.61	2605	0	
66	22:57:00	2/1/2019 	20571	145.00	6.00	7.87	29.38	101072.71	52479	0	
67	22:57:00	2/1/2019 	20904	911.00	118.00	33.51	29.38	101072.71	1847	0	
68	22:57:01	2/1/2019 	21553	188.00	5.00	8.99	29.38	101072.61	54605	0	
69	22:57:02	2/1/2019 	22487	216.00	5.00	9.60	29.37	101072.73	1848	0	
70	22:57:02	2/1/2019 	22620	904.00	110.00	31.94	29.37	101072.73	52481	0	
71	22:57:03	2/1/2019 	23782	122.00	5.00	7.20	29.37	101072.55	52480	0	
72	22:57:03	2/1/2019 	23976	656.00	13.00	15.65	29.37	101072.78	1849	0	
73	22:57:04	2/1/2019 	24212	553.00	6.00	13.02	29.37	101072.78	1848	0	
74	22:57:04	2/1/2019 	24283	451.00	6.00	12.32	29.37	101072.78	1849	0	
75	22:57:04	2/1/2019 	24406	616.00	9.00	14.22	29.37	101072.78	3834	0	
76	22:57:05	2/1/2019 	25595	73.00	5.00	6.01	29.36	101073.49	103115	0	
77	22:57:06	2/1/2019 	26420	561.00	7.00	13.25	29.36	101073.55	1848	0	
78	22:57:06	2/1/2019 	26472	161.00	5.00	8.30	29.36	101073.55	1849	0	
79	22:57:06	2/1/2019 	26747	731.00	30.00	19.94	29.35	101073.78	52483	0	
80	22:57:07	2/1/2019 	27633	299.00	6.00	10.97	29.35	101074.05	52483	0	
81	22:57:07	2/1/2019 	27786	617.00	10.00	14.44	29.35	101074.05	1849	0	
82	22:57:08	2/1/2019 	28078	94.00	5.00	6.44	29.35	101074.27	3834	0	
83	22:57:08	2/1/2019 	28193	153.00	5.00	8.08	29.35	101074.27	1848	0	
84	22:57:08	2/1/2019 	28438	450.00	6.00	12.31	29.35	101074.33	1847	0	
85	22:57:08	2/1/2019 	28685	741.00	35.00	20.66	29.35	101074.33	52480	0	
86	22:57:09	2/1/2019 	29413	726.00	30.00	19.89	29.35	101074.98	1848	0	
87	22:57:09	2/1/2019 	29720	65.00	5.00	5.92	29.34	101075.21	52486	0	
88	22:57:09	2/1/2019 	29951	192.00	5.00	9.08	29.34	101075.21	2603	0	
89	22:57:09	2/1/2019 	29957	65.00	5.00	5.92	29.34	101075.21	3976	0	
90	22:57:10	2/1/2019 	30191	103.00	6.00	6.67	29.34	101075.47	1847	0	
91	22:57:10	2/1/2019 	30905	183.00	0.00	8.81	29.34	101075.53	52479	0	
92	22:57:10	2/1/2019 	30949	165.00	6.00	8.42	29.34	101075.53	1834	0	
93	22:57:11	2/1/2019 	31108	445.00	6.00	12.28	29.34	101075.53	1846	0	
94	22:57:11	2/1/2019 	31558	131.00	6.00	7.46	29.34	101075.59	52480	0	
95	22:57:11	2/1/2019 	31564	340.00	6.00	11.45	29.34	101075.59	1848	0	
96	22:57:13	2/1/2019 	33132	937.00	176.00	42.88	29.33	101076.24	54518	0	
97	22:57:13	2/1/2019 	33196	136.00	6.00	7.61	29.33	101076.24	1849	0	
98	22:57:13	2/1/2019 	33217	473.00	6.00	12.45	29.33	101076.24	1847	0	
99	22:57:13	2/1/2019 	33237	123.00	5.00	7.23	29.33	101076.24	1847	0	
100	22:57:13	2/1/2019 	33864	885.00	100.00	29.94	29.33	101076.30	52480	0	
101	22:57:14	2/1/2019 	34276	104.00	5.00	6.69	29.33	101076.37	1848	0	
102	22:57:14	2/1/2019 	34292	140.00	5.00	7.72	29.33	101076.37	1848	0	
103	22:57:14	2/1/2019 	34364	349.00	6.00	11.55	29.33	101076.37	1847	0	
104	22:57:14	2/1/2019 	34473	510.00	6.00	12.69	29.33	101076.37	3833	0	
105	22:57:14	2/1/2019 	34684	345.00	6.00	11.51	29.32	101076.59	52478	0	
106	22:57:14	2/1/2019 	34883	114.00	5.00	6.97	29.32	101076.59	1847	0	
107	22:57:15	2/1/2019 	35348	127.00	5.00	7.34	29.32	101076.52	1847	0	
108	22:57:15	2/1/2019 	35636	942.00	176.00	42.88	29.32	101076.52	52482	0	
109	22:57:15	2/1/2019 	35752	513.00	6.00	12.71	29.32	101076.58	1850	0	
110	22:57:15	2/1/2019 	35863	174.00	5.00	8.64	29.32	101076.58	1847	0	
111	22:57:16	2/1/2019 	36020	166.00	5.00	8.44	29.32	101076.58	3833	0	
112	22:57:16	2/1/2019 	36385	945.00	145.00	38.48	29.32	101076.64	1847	1	
113	22:57:16	2/1/2019 	36670	231.00	6.00	9.91	29.32	101076.64	52480	0	
114	22:57:16	2/1/2019 	36890	100.00	5.00	6.59	29.31	101076.55	1846	0	
115	22:57:17	2/1/2019 	37005	452.00	6.00	12.32	29.31	101076.55	1847	0	
116	22:57:17	2/1/2019 	37049	550.00	6.00	13.00	29.31	101076.55	1847	0	
117	22:57:17	2/1/2019 	37207	112.00	5.00	6.91	29.31	101076.55	1847	0	
118	22:57:17	2/1/2019 	37724	941.00	141.00	37.80	29.31	101076.63	54467	0	
119	22:57:17	2/1/2019 	37883	677.00	17.00	16.88	29.31	101076.63	1848	0	
120	22:57:17	2/1/2019 	37986	919.00	124.00	34.69	29.31	101076.70	1849	0	
121	22:57:18	2/1/2019 	38229	122.00	5.00	7.20	29.31	101076.70	1847	1	
122	22:57:18	2/1/2019 	38443	197.00	6.00	9.21	29.31	101076.70	1847	0	
123	22:57:19	2/1/2019 	39822	200.00	6.00	9.27	29.30	101077.34	103109	0	
124	22:57:19	2/1/2019 	39973	947.00	199.00	45.33	29.30	101077.34	2604	0	
125	22:57:20	2/1/2019 	40161	765.00	42.00	21.58	29.30	101077.34	3976	0	
126	22:57:20	2/1/2019 	40859	107.00	6.00	6.78	29.30	101076.81	52481	0	
127	22:57:21	2/1/2019 	41110	939.00	166.00	41.62	29.30	101076.81	1848	0	
128	22:57:21	2/1/2019 	41562	679.00	17.00	16.91	29.30	101076.98	52481	0	
129	22:57:21	2/1/2019 	41958	903.00	110.00	31.93	29.30	101076.88	1851	0	
130	22:57:22	2/1/2019 	42218	65.00	5.00	5.92	29.30	101076.88	1856	0	
131	22:57:22	2/1/2019 	42399	947.00	528.00	90.75	29.30	101076.88	1855	1	
132	22:57:23	2/1/2019 	43856	333.00	6.00	11.38	29.29	101077.02	105105	0	
133	22:57:24	2/1/2019 	44073	764.00	44.00	21.77	29.29	101077.02	1849	0	
134	22:57:24	2/1/2019 	44161	128.00	5.00	7.37	29.29	101076.92	1849	0	
135	22:57:24	2/1/2019 	44287	79.00	6.00	6.11	29.29	101076.92	1846	0	
136	22:57:24	2/1/2019 	44612	84.00	5.00	6.21	29.29	101076.92	52477	0	
137	22:57:24	2/1/2019 	44941	73.00	5.00	6.01	29.29	101076.82	1847	0	
138	22:57:25	2/1/2019 	45139	550.00	7.00	13.14	29.29	101076.82	1848	0	
139	22:57:25	2/1/2019 	45334	948.00	369.00	69.27	29.28	101076.75	3835	1	
140	22:57:26	2/1/2019 	46069	157.00	5.00	8.19	29.28	101077.08	52481	0	
141	22:57:26	2/1/2019 	46245	148.00	5.00	7.94	29.28	101077.08	1849	0	
142	22:57:26	2/1/2019 	46495	79.00	5.00	6.11	29.28	101076.81	1847	0	
143	22:57:26	2/1/2019 	46584	428.00	5.00	12.09	29.28	101076.81	52482	0	
144	22:57:26	2/1/2019 	46677	126.00	6.00	7.32	29.28	101076.81	1847	0	
145	22:57:26	2/1/2019 	46802	283.00	5.00	10.72	29.28	101076.81	1847	0	
146	22:57:27	2/1/2019 	47113	360.00	6.00	11.65	29.28	101076.88	3891	0	
147	22:57:27	2/1/2019 	47222	64.00	5.00	5.91	29.28	101076.88	1856	0	
148	22:57:27	2/1/2019 	47329	631.00	10.00	14.62	29.28	101076.88	1854	0	
149	22:57:27	2/1/2019 	47344	942.00	193.00	44.74	29.28	101076.88	1856	0	
150	22:57:27	2/1/2019 	47793	536.00	8.00	13.14	29.28	101076.94	52483	0	
151	22:57:28	2/1/2019 	48165	912.00	122.00	34.29	29.28	101077.27	1846	0	
152	22:57:28	2/1/2019 	48413	937.00	136.00	36.92	29.28	101077.27	1850	0	
153	22:57:29	2/1/2019 	49020	106.00	5.00	6.75	29.27	101077.20	54467	0	
154	22:57:29	2/1/2019 	49089	932.00	132.00	36.20	29.27	101077.20	1848	0	
155	22:57:29	2/1/2019 	49226	601.00	9.00	14.04	29.27	101077.25	1848	0	
156	22:57:30	2/1/2019 	50893	941.00	320.00	60.46	29.27	101077.55	103115	0	
157	22:57:31	2/1/2019 	51156	465.00	6.00	12.40	29.27	101077.55	2607	0	
158	22:57:32	2/1/2019 	52601	402.00	6.00	12.00	29.26	101076.77	103115	0	
159	22:57:32	2/1/2019 	52993	610.00	9.00	14.15	29.26	101076.77	1848	0	
160	22:57:33	2/1/2019 	53894	299.00	6.00	10.97	29.26	101077.00	54609	0	
161	22:57:33	2/1/2019 	53971	99.00	6.00	6.56	29.26	101077.00	1849	0	
162	22:57:34	2/1/2019 	54222	897.00	108.00	31.52	29.25	101077.09	1846	1	
163	22:57:34	2/1/2019 	54230	843.00	74.00	25.40	29.25	101077.09	1849	0	
164	22:57:34	2/1/2019 	54269	304.00	9.00	11.15	29.25	101077.09	1848	0	
165	22:57:34	2/1/2019 	54400	215.00	6.00	9.60	29.25	101077.09	1847	0	
166	22:57:35	2/1/2019 	55035	701.00	22.00	18.27	29.25	101076.98	52484	0	
167	22:57:35	2/1/2019 	55566	108.00	5.00	6.80	29.25	101077.31	54472	0	
168	22:57:35	2/1/2019 	55655	80.00	5.00	6.13	29.25	101077.31	1847	0	
169	22:57:35	2/1/2019 	55941	86.00	5.00	6.25	29.25	101077.05	1847	0	
170	22:57:36	2/1/2019 	56095	473.00	6.00	12.45	29.25	101077.05	1848	0	
171	22:57:36	2/1/2019 	56154	762.00	42.00	21.56	29.25	101077.05	1848	0	
172	22:57:36	2/1/2019 	56309	354.00	6.00	11.60	29.25	101077.05	1848	0	
173	22:57:36	2/1/2019 	56795	797.00	52.00	22.68	29.25	101076.78	52486	0	
174	22:57:36	2/1/2019 	56980	58.00	6.00	5.88	29.25	101076.78	3834	0	
175	22:57:37	2/1/2019 	57102	944.00	528.00	90.75	29.24	101076.71	1846	0	
176	22:57:37	2/1/2019 	57224	891.00	101.00	30.15	29.24	101076.71	1850	0	
177	22:57:37	2/1/2019 	57809	724.00	28.00	19.57	29.24	101076.88	52489	0	
178	22:57:37	2/1/2019 	57921	389.00	6.00	11.90	29.24	101076.88	1855	0	
179	22:57:38	2/1/2019 	58078	109.00	5.00	6.83	29.24	101076.88	1853	0	
180	22:57:38	2/1/2019 	58209	90.00	3.00	6.34	29.24	101076.77	1853	0	
181	22:57:39	2/1/2019 	59492	124.00	5.00	7.26	29.24	101076.83	54470	0	
182	22:57:40	2/1/2019 	60078	796.00	54.00	22.88	29.24	101076.56	52488	0	
183	22:57:40	2/1/2019 	60264	944.00	323.00	60.99	29.24	101076.56	2605	0	
184	22:57:40	2/1/2019 	60275	374.00	6.00	11.78	29.24	101076.56	1849	0	
185	22:57:40	2/1/2019 	60409	704.00	22.00	18.31	29.24	101076.73	1848	0	
186	22:57:40	2/1/2019 	60567	848.00	76.00	25.70	29.24	101076.73	52485	0	
187	22:57:41	2/1/2019 	61046	255.00	6.00	10.33	29.23	101076.49	1848	0	
188	22:57:41	2/1/2019 	61074	58.00	5.00	5.88	29.23	101076.49	3976	0	
189	22:57:41	2/1/2019 	61159	339.00	6.00	11.44	29.23	101076.49	1848	0	
190	22:57:41	2/1/2019 	61171	69.00	5.00	5.96	29.23	101076.49	1846	0	
191	22:57:41	2/1/2019 	61329	71.00	5.00	5.99	29.23	101076.49	1847	0	
192	22:57:41	2/1/2019 	61584	106.00	5.00	6.75	29.23	101076.06	52483	0	
193	22:57:41	2/1/2019 	61872	118.00	5.00	7.08	29.23	101076.06	1847	0	
194	22:57:42	2/1/2019 	62207	825.00	61.00	23.70	29.23	101075.80	1847	0	
195	22:57:42	2/1/2019 	62363	512.00	6.00	12.70	29.23	101075.80	1849	0	
196	22:57:42	2/1/2019 	62948	798.00	49.00	22.39	29.23	101075.95	54466	0	
197	22:57:43	2/1/2019 	63245	77.00	5.00	6.08	29.23	101075.88	1848	0	
198	22:57:43	2/1/2019 	63359	194.00	5.00	9.13	29.23	101075.88	1848	0	
199	22:57:43	2/1/2019 	63906	679.00	16.00	16.67	29.22	101075.95	52485	0	
200	22:57:44	2/1/2019 	64092	138.00	6.00	7.66	29.22	101075.95	1847	0	
201	22:57:44	2/1/2019 	64223	892.00	100.00	29.96	29.22	101075.95	1847	0	
202	22:57:44	2/1/2019 	64366	238.00	6.00	10.04	29.22	101076.44	1848	0	
203	22:57:44	2/1/2019 	64676	167.00	5.00	8.46	29.22	101076.44	54469	0	
204	22:57:44	2/1/2019 	64875	671.00	15.00	16.33	29.22	101076.17	1847	0	
205	22:57:44	2/1/2019 	64954	606.00	9.00	14.10	29.22	101076.17	1847	0	
206	22:57:45	2/1/2019 	65056	880.00	95.00	28.98	29.22	101076.17	1847	0	
207	22:57:45	2/1/2019 	65131	63.00	5.00	5.90	29.22	101076.17	1849	0	
208	22:57:45	2/1/2019 	65149	561.00	7.00	13.25	29.22	101076.17	1848	0	
209	22:57:45	2/1/2019 	65342	575.00	8.00	13.55	29.22	101076.17	1848	0	
210	22:57:45	2/1/2019 	65816	221.00	5.00	9.70	29.22	101076.50	54467	0	
211	22:57:45	2/1/2019 	65875	944.00	416.00	76.66	29.22	101076.50	1848	1	
212	22:57:47	2/1/2019 	66998	818.00	64.00	24.03	29.22	101076.00	52484	0	
213	22:57:47	2/1/2019 	67366	534.00	6.00	12.87	29.22	101076.33	1849	0	
214	22:57:49	2/1/2019 	69415	528.00	7.00	12.94	29.21	101075.53	103116	0	
215	22:57:49	2/1/2019 	69675	163.00	5.00	8.36	29.21	101075.53	52485	0	
216	22:57:49	2/1/2019 	69794	944.00	194.00	44.84	29.21	101075.53	2604	0	
217	22:57:50	2/1/2019 	70036	411.00	6.00	12.06	29.21	101075.69	3975	0	
218	22:57:51	2/1/2019 	71183	161.00	6.00	8.31	29.21	101075.95	52483	0	
219	22:57:51	2/1/2019 	71403	786.00	49.00	22.35	29.21	101075.95	1848	0	
220	22:57:52	2/1/2019 	72164	941.00	211.00	46.46	29.20	101076.01	52483	0	
221	22:57:52	2/1/2019 	72208	65.00	5.00	5.92	29.20	101076.01	1850	0	
222	22:57:52	2/1/2019 	72267	139.00	4.00	7.68	29.20	101076.01	1847	0	
223	22:57:53	2/1/2019 	73134	716.00	26.00	19.17	29.20	101076.01	52479	0	
224	22:57:53	2/1/2019 	73584	738.00	33.00	20.40	29.20	101075.91	54470	0	
225	22:57:53	2/1/2019 	73629	65.00	5.00	5.92	29.20	101075.91	1848	0	
226	22:57:53	2/1/2019 	73655	467.00	6.00	12.41	29.20	101075.91	1848	0	
227	22:57:54	2/1/2019 	74126	76.00	5.00	6.06	29.20	101076.07	1847	0	
228	22:57:54	2/1/2019 	74317	950.00	609.00	107.01	29.20	101076.07	1849	0	
229	22:57:54	2/1/2019 	74782	449.00	6.00	12.31	29.20	101075.80	52481	0	
230	22:57:55	2/1/2019 	75129	184.00	5.00	8.89	29.20	101075.80	1847	0	
231	22:57:55	2/1/2019 	75305	953.00	676.00	122.07	29.20	101075.80	3889	0	
232	22:57:55	2/1/2019 	75694	183.00	5.00	8.87	29.20	101075.56	52481	0	
233	22:57:56	2/1/2019 	76140	99.00	5.00	6.56	29.20	101075.73	1849	0	
234	22:57:56	2/1/2019 	76479	407.00	6.00	12.04	29.20	101075.73	1849	0	
235	22:57:56	2/1/2019 	76550	96.00	5.00	6.48	29.20	101075.73	52481	0	
236	22:57:56	2/1/2019 	76701	138.00	5.00	7.66	29.19	101075.46	2083	0	
237	22:57:56	2/1/2019 	76721	944.00	189.00	44.33	29.19	101075.46	1847	0	
238	22:57:56	2/1/2019 	76785	951.00	640.00	114.07	29.19	101075.46	3835	0	
239	22:57:57	2/1/2019 	77682	92.00	5.00	6.39	29.19	101075.80	52480	0	
240	22:57:57	2/1/2019 	77718	200.00	5.00	9.26	29.19	101075.80	1849	0	
241	22:57:57	2/1/2019 	77752	94.00	5.00	6.44	29.19	101075.36	1848	0	
242	22:57:58	2/1/2019 	78029	105.00	5.00	6.72	29.19	101075.36	1847	0	
243	22:57:58	2/1/2019 	78291	942.00	214.00	46.73	29.19	101075.36	1848	0	
244	22:57:58	2/1/2019 	78906	435.00	6.00	12.22	29.19	101075.53	52481	0	
245	22:57:59	2/1/2019 	79003	320.00	5.00	11.19	29.19	101075.53	3834	0	
246	22:57:59	2/1/2019 	79275	726.00	29.00	19.74	29.19	101075.53	1850	0	
247	22:57:59	2/1/2019 	79752	901.00	110.00	31.93	29.19	101075.25	52484	1	
248	22:57:59	2/1/2019 	79791	657.00	14.00	15.90	29.19	101075.25	2844	0	
249	22:57:59	2/1/2019 	79954	853.00	74.00	25.42	29.19	101075.25	1849	0	
250	22:58:00	2/1/2019 	80056	119.00	5.00	7.11	29.19	101075.42	1848	0	
251	22:58:00	2/1/2019 	80113	204.00	5.00	9.35	29.19	101075.42	1847	0	
252	22:58:00	2/1/2019 	80146	187.00	5.00	8.96	29.19	101075.42	3974	0	
253	22:58:00	2/1/2019 	80193	626.00	10.00	14.56	29.19	101075.42	1848	0	
254	22:58:00	2/1/2019 	80298	402.00	6.00	12.00	29.19	101075.42	1847	0	
255	22:58:00	2/1/2019 	80350	441.00	6.00	12.26	29.19	101075.42	1848	0	
256	22:58:00	2/1/2019 	80842	429.00	6.00	12.18	29.19	101075.75	52482	0	
257	22:58:00	2/1/2019 	80860	779.00	50.00	22.42	29.19	101075.75	1847	0	
258	22:58:01	2/1/2019 	81258	174.00	5.00	8.64	29.19	101075.34	1848	0	
259	22:58:01	2/1/2019 	81362	534.00	6.00	12.87	29.19	101075.34	3835	0	
260	22:58:01	2/1/2019 	81640	332.00	5.00	11.32	29.19	101075.34	52482	0	
261	22:58:01	2/1/2019 	81966	900.00	110.00	31.92	29.19	101075.52	1849	0	
262	22:58:02	2/1/2019 	82132	636.00	11.00	14.91	29.19	101075.52	1849	0	
263	22:58:02	2/1/2019 	82211	112.00	5.00	6.91	29.19	101075.52	1848	0	
264	22:58:02	2/1/2019 	82837	296.00	6.00	10.94	29.18	101075.41	52484	0	
265	22:58:02	2/1/2019 	82949	184.00	6.00	8.90	29.18	101075.41	1846	0	
266	22:58:03	2/1/2019 	83036	753.00	40.00	21.30	29.18	101075.41	3835	0	
267	22:58:03	2/1/2019 	83177	871.00	88.00	27.70	29.18	101075.41	1849	0	
268	22:58:03	2/1/2019 	83198	58.00	5.00	5.88	29.18	101075.41	1848	0	
269	22:58:03	2/1/2019 	83235	167.00	5.00	8.46	29.18	101075.41	1848	0	
270	22:58:03	2/1/2019 	83747	228.00	5.00	9.83	29.18	101075.41	52482	0	
271	22:58:04	2/1/2019 	84736	164.00	5.00	8.38	29.18	101074.98	52483	0	
272	22:58:07	2/1/2019 	87593	604.00	9.00	14.07	29.18	101074.38	153755	0	
273	22:58:07	2/1/2019 	87649	594.00	8.00	13.77	29.18	101074.38	1857	0	
274	22:58:07	2/1/2019 	87749	336.00	6.00	11.41	29.18	101074.38	3840	0	
275	22:58:08	2/1/2019 	88475	122.00	5.00	7.20	29.18	101074.31	1851	0	
276	22:58:08	2/1/2019 	88827	798.00	55.00	22.98	29.18	101074.31	52482	0	
277	22:58:08	2/1/2019 	88861	660.00	14.00	15.94	29.18	101074.31	1849	0	
278	22:58:08	2/1/2019 	88879	741.00	36.00	20.78	29.18	101074.31	1847	0	
279	22:58:09	2/1/2019 	89310	98.00	5.00	6.54	29.18	101074.47	1849	0	
280	22:58:09	2/1/2019 	89416	210.00	5.00	9.48	29.18	101074.47	1848	0	
281	22:58:09	2/1/2019 	89497	410.00	6.00	12.06	29.18	101074.47	3888	0	
282	22:58:09	2/1/2019 	89651	95.00	5.00	6.46	29.18	101074.47	52482	0	
283	22:58:10	2/1/2019 	90045	77.00	5.00	6.08	29.18	101074.47	2844	0	
284	22:58:10	2/1/2019 	90101	302.00	6.00	11.01	29.17	101074.20	1849	0	
285	22:58:10	2/1/2019 	90166	736.00	31.00	20.12	29.17	101074.20	1847	0	
286	22:58:10	2/1/2019 	90274	526.00	7.00	12.93	29.17	101074.20	1848	0	
287	22:58:10	2/1/2019 	90344	128.00	6.00	7.37	29.17	101074.20	1848	0	
288	22:58:10	2/1/2019 	90391	178.00	5.00	8.74	29.17	101074.20	3974	0	
289	22:58:10	2/1/2019 	90425	785.00	47.00	22.15	29.17	101074.20	1848	0	
290	22:58:11	2/1/2019 	91164	118.00	5.00	7.08	29.17	101074.38	52485	0	
291	22:58:11	2/1/2019 	91705	534.00	6.00	12.87	29.17	101073.94	52488	0	
292	22:58:12	2/1/2019 	92085	80.00	5.00	6.13	29.17	101073.94	1846	0	
293	22:58:12	2/1/2019 	92237	276.00	6.00	10.66	29.17	101073.94	1849	0	
294	22:58:12	2/1/2019 	92948	852.00	71.00	25.00	29.17	101074.27	52483	0	
295	22:58:13	2/1/2019 	93027	940.00	198.00	45.23	29.17	101074.27	3835	0	
296	22:58:13	2/1/2019 	93075	73.00	5.00	6.01	29.17	101074.27	1848	0	
297	22:58:13	2/1/2019 	93199	378.00	6.00	11.81	29.17	101074.27	1847	0	
298	22:58:13	2/1/2019 	93862	580.00	8.00	13.61	29.17	101074.44	52480	0	
299	22:58:14	2/1/2019 	94182	78.00	5.00	6.09	29.17	101074.59	1846	0	
300	22:58:14	2/1/2019 	94294	464.00	6.00	12.40	29.17	101074.59	1848	0	
301	22:58:14	2/1/2019 	94903	91.00	5.00	6.36	29.17	101074.33	52482	0	
302	22:58:15	2/1/2019 	95227	741.00	34.00	20.55	29.17	101074.16	3833	0	
303	22:58:15	2/1/2019 	95563	632.00	11.00	14.86	29.17	101074.16	52485	0	
304	22:58:16	2/1/2019 	96729	118.00	6.00	7.09	29.17	101074.49	52484	0	
305	22:58:17	2/1/2019 	97264	304.00	6.00	11.04	29.17	101074.09	1847	0	
306	22:58:17	2/1/2019 	97322	328.00	6.00	11.32	29.17	101074.09	1849	0	
307	22:58:17	2/1/2019 	97596	177.00	6.00	8.73	29.17	101074.26	52482	0	
308	22:58:17	2/1/2019 	97735	67.00	5.00	5.94	29.17	101074.26	1847	0	
309	22:58:17	2/1/2019 	97788	575.00	8.00	13.55	29.17	101074.26	3833	0	
310	22:58:17	2/1/2019 	97806	201.00	6.00	9.30	29.17	101074.26	1845	0	
311	22:58:17	2/1/2019 	97815	192.00	6.00	9.09	29.17	101074.26	1845	0	
312	22:58:18	2/1/2019 	98042	725.00	28.00	19.59	29.17	101074.26	1845	0	
313	22:58:18	2/1/2019 	98138	175.00	5.00	8.67	29.17	101074.26	1849	0	
314	22:58:18	2/1/2019 	98349	208.00	5.00	9.43	29.17	101074.26	1847	0	
315	22:58:19	2/1/2019 	99043	173.00	5.00	8.62	29.17	101074.26	52480	0	
316	22:58:19	2/1/2019 	99237	122.00	5.00	7.20	29.16	101073.98	3835	0	
317	22:58:19	2/1/2019 	99442	345.00	6.00	11.51	29.16	101073.98	1848	0	
318	22:58:19	2/1/2019 	99626	623.00	10.00	14.52	29.16	101074.16	52483	0	
319	22:58:19	2/1/2019 	99986	194.00	5.00	9.13	29.16	101074.16	2844	0	
320	22:58:20	2/1/2019 	100607	192.00	6.00	9.09	29.16	101074.32	52482	0	
321	22:58:20	2/1/2019 	100622	197.00	5.00	9.19	29.16	101074.32	1848	0	
322	22:58:20	2/1/2019 	100628	842.00	72.00	25.11	29.16	101074.32	1848	0	
323	22:58:20	2/1/2019 	100868	118.00	5.00	7.08	29.16	101074.48	3976	0	
324	22:58:21	2/1/2019 	101948	83.00	5.00	6.19	29.16	101073.89	52482	0	
325	22:58:21	2/1/2019 	101959	669.00	16.00	16.54	29.16	101073.89	1849	0	
326	22:58:22	2/1/2019 	102482	178.00	5.00	8.74	29.16	101073.89	1846	0	
327	22:58:22	2/1/2019 	102576	142.00	0.00	7.75	29.16	101073.89	52482	0	
328	22:58:23	2/1/2019 	103358	118.00	5.00	7.08	29.16	101073.72	1834	0	
329	22:58:24	2/1/2019 	104448	91.00	5.00	6.36	29.16	101073.66	52484	0	
330	22:58:25	2/1/2019 	105015	81.00	5.00	6.15	29.16	101073.48	54468	0	
331	22:58:25	2/1/2019 	105074	185.00	5.00	8.92	29.16	101073.48	1848	0	
332	22:58:25	2/1/2019 	105403	954.00	701.00	126.77	29.16	101073.48	1848	0	
333	22:58:25	2/1/2019 	105896	68.00	5.00	5.95	29.16	101073.48	52484	0	
334	22:58:26	2/1/2019 	106092	590.00	8.00	13.72	29.16	101073.48	1847	0	
335	22:58:26	2/1/2019 	106331	905.00	111.00	32.13	29.16	101073.48	1847	0	
336	22:58:26	2/1/2019 	106679	844.00	72.00	25.12	29.16	101073.48	52485	0	
337	22:58:26	2/1/2019 	106977	905.00	113.00	32.52	29.16	101073.48	3836	0	
338	22:58:27	2/1/2019 	107252	427.00	6.00	12.17	29.16	101073.48	1850	0	
339	22:58:27	2/1/2019 	107334	653.00	13.00	15.61	29.16	101073.48	1847	0	
340	22:58:28	2/1/2019 	108175	113.00	5.00	6.94	29.16	101073.48	52483	0	
341	22:58:28	2/1/2019 	108559	743.00	37.00	20.91	29.16	101073.48	52484	0	
342	22:58:29	2/1/2019 	109288	75.00	6.00	6.05	29.16	101073.22	1848	0	
343	22:58:29	2/1/2019 	109413	943.00	147.00	38.81	29.16	101073.22	1847	0	
344	22:58:29	2/1/2019 	109637	375.00	5.00	11.72	29.16	101073.22	54470	0	
345	22:58:30	2/1/2019 	110008	846.00	77.00	25.84	29.16	101073.39	2845	0	
346	22:58:30	2/1/2019 	110038	628.00	10.00	14.58	29.16	101073.39	1849	0	
347	22:58:30	2/1/2019 	110639	186.00	5.00	8.94	29.16	101073.39	52482	0	
348	22:58:30	2/1/2019 	110792	919.00	123.00	34.50	29.16	101073.39	1848	0	
349	22:58:31	2/1/2019 	111086	886.00	102.00	30.32	29.16	101073.55	1849	1	
350	22:58:31	2/1/2019 	111345	740.00	32.00	20.29	29.16	101073.55	1851	0	
351	22:58:31	2/1/2019 	111376	333.00	5.00	11.33	29.16	101073.55	3974	0	
352	22:58:32	2/1/2019 	112093	180.00	5.00	8.79	29.16	101073.88	52484	0	
353	22:58:32	2/1/2019 	112182	898.00	109.00	31.72	29.16	101073.88	1857	0	
354	22:58:32	2/1/2019 	112338	908.00	114.00	32.73	29.16	101073.88	1857	0	
355	22:58:32	2/1/2019 	112661	886.00	101.00	30.13	29.16	101073.88	52490	0	
356	22:58:32	2/1/2019 	112725	242.00	6.00	10.11	29.16	101073.88	1856	0	
357	22:58:32	2/1/2019 	112818	107.00	6.00	6.78	29.16	101073.88	1854	0	
358	22:58:32	2/1/2019 	112930	637.00	11.00	14.92	29.16	101073.88	3841	0	
359	22:58:33	2/1/2019 	113282	884.00	98.00	29.56	29.16	101073.88	1855	0	
360	22:58:33	2/1/2019 	113654	417.00	6.00	12.10	29.16	101073.88	52491	0	
361	22:58:33	2/1/2019 	113951	206.00	5.00	9.39	29.16	101073.88	1855	0	
362	22:58:34	2/1/2019 	114430	100.00	5.00	6.59	29.16	101073.88	1855	0	
363	22:58:34	2/1/2019 	114456	536.00	6.00	12.88	29.16	101073.88	1857	0	
364	22:58:34	2/1/2019 	114653	149.00	5.00	7.97	29.16	101073.88	52488	0	
365	22:58:34	2/1/2019 	114916	189.00	5.00	9.01	29.15	101073.28	3914	0	
366	22:58:34	2/1/2019 	114947	109.00	5.00	6.83	29.15	101073.28	1848	0	
367	22:58:35	2/1/2019 	115259	150.00	6.00	8.01	29.15	101073.28	1848	0	
368	22:58:35	2/1/2019 	115272	88.00	4.00	6.29	29.15	101073.28	1847	0	
369	22:58:35	2/1/2019 	115416	528.00	6.00	12.82	29.15	101073.28	1845	0	
370	22:58:35	2/1/2019 	115578	110.00	5.00	6.86	29.15	101073.28	52482	0	
371	22:58:35	2/1/2019 	115829	127.00	6.00	7.35	29.15	101073.28	1847	0	
372	22:58:35	2/1/2019 	115843	81.00	5.00	6.15	29.15	101073.28	3853	0	
373	22:58:35	2/1/2019 	115983	59.00	5.00	5.88	29.15	101073.45	1847	0	
374	22:58:35	2/1/2019 	115997	809.00	58.00	23.33	29.15	101073.45	1848	0	
375	22:58:36	2/1/2019 	116997	317.00	6.00	11.20	29.15	101073.28	52482	0	
376	22:58:37	2/1/2019 	117254	941.00	308.00	58.38	29.15	101073.28	1848	0	
377	22:58:38	2/1/2019 	118019	627.00	10.00	14.57	29.15	101073.11	52483	0	
378	22:58:38	2/1/2019 	118023	947.00	342.00	64.42	29.15	101073.11	1849	0	
379	22:58:38	2/1/2019 	118104	676.00	17.00	16.87	29.15	101073.11	3856	0	
380	22:58:38	2/1/2019 	118564	65.00	5.00	5.92	29.15	101073.11	52481	0	
381	22:58:38	2/1/2019 	118591	948.00	317.00	59.93	29.15	101073.11	1848	0	
382	22:58:38	2/1/2019 	118652	166.00	5.00	8.44	29.15	101073.11	1850	0	
383	22:58:39	2/1/2019 	119237	117.00	5.00	7.05	29.15	101073.11	1847	0	
384	22:58:39	2/1/2019 	119239	111.00	5.00	6.88	29.15	101073.11	1848	0	
385	22:58:40	2/1/2019 	120857	942.00	198.00	45.23	29.15	101073.11	103118	0	
386	22:58:41	2/1/2019 	121676	63.00	5.00	5.90	29.15	101073.11	55624	0	
387	22:58:42	2/1/2019 	122422	94.00	5.00	6.44	29.15	101072.95	1847	0	
388	22:58:42	2/1/2019 	122898	152.00	5.00	8.06	29.15	101072.78	52484	0	
389	22:58:42	2/1/2019 	122976	95.00	9.00	6.47	29.15	101072.78	1847	0	
390	22:58:43	2/1/2019 	123098	855.00	82.00	26.64	29.15	101072.78	1848	0	
391	22:58:43	2/1/2019 	123574	945.00	258.00	51.16	29.15	101072.78	52483	0	
392	22:58:44	2/1/2019 	124133	195.00	7.00	9.17	29.15	101072.78	1849	0	
393	22:58:44	2/1/2019 	124325	129.00	5.00	7.40	29.15	101072.78	3855	0	
394	22:58:44	2/1/2019 	124344	748.00	38.00	21.05	29.15	101072.78	1848	0	
395	22:58:44	2/1/2019 	124791	914.00	123.00	34.49	29.15	101072.78	52482	0	
396	22:58:45	2/1/2019 	125110	148.00	5.00	7.94	29.15	101072.62	1849	0	
397	22:58:45	2/1/2019 	125314	418.00	6.00	12.11	29.15	101072.62	1848	0	
398	22:58:46	2/1/2019 	126271	79.00	5.00	6.11	29.15	101072.78	52483	0	
399	22:58:46	2/1/2019 	126879	617.00	9.00	14.23	29.15	101072.78	52487	0	
400	22:58:47	2/1/2019 	127001	931.00	134.00	36.56	29.15	101072.78	3855	0	
401	22:58:47	2/1/2019 	127279	521.00	6.00	12.77	29.15	101072.78	1851	0	
402	22:58:47	2/1/2019 	127456	942.00	204.00	45.81	29.15	101072.78	1847	0	
403	22:58:47	2/1/2019 	127636	68.00	5.00	5.95	29.15	101072.78	52483	0	
404	22:58:47	2/1/2019 	127693	947.00	393.00	73.25	29.15	101072.95	1846	1	
405	22:58:48	2/1/2019 	128178	325.00	9.00	11.42	29.15	101072.95	1850	0	
406	22:58:48	2/1/2019 	128238	87.00	5.00	6.27	29.15	101072.52	1849	0	
407	22:58:48	2/1/2019 	128562	228.00	5.00	9.83	29.15	101072.52	54465	0	
408	22:58:48	2/1/2019 	128587	65.00	5.00	5.92	29.15	101072.52	1848	0	
409	22:58:48	2/1/2019 	128703	138.00	5.00	7.66	29.15	101072.52	1847	0	
410	22:58:48	2/1/2019 	128881	466.00	6.00	12.41	29.15	101072.95	1848	0	
411	22:58:49	2/1/2019 	129229	210.00	6.00	9.49	29.15	101072.95	1847	0	
