$SPEC_ID:
Spectech 2021
$SPEC_REM:
DET# 1
DETDESC# JLAB-10 MCB 130
AP# Maestro Version 7.01
$DATE_MEA:
10/07/2021 15:08:57
$MEAS_TIM:
2836 2836
$DATA:
0 2047
       0
       0
       0
       0
       0
       0
       0
       0
       0
       0
       0
       0
       0
       0
       0
       0
       0
       0
       0
       0
       0
       0
       0
       0
       0
       0
       0
       0
       0
       0
       0
       0
       0
       0
       0
       0
       0
       0
       0
       0
       5
       4
       6
       4
       7
       4
       7
       8
       6
       3
      13
      11
      11
       5
       6
       6
       6
      10
       3
       5
       5
       6
       6
       8
       8
       4
      11
       4
       8
       2
       7
       6
       7
       4
       7
       1
       7
       7
       8
       3
       4
       6
       3
       6
       5
       5
       4
       9
       3
       4
       4
       2
       4
       3
       4
       3
       4
       1
       5
      13
       5
       5
       5
       8
       0
       3
       3
       4
       1
       7
       6
       4
       5
       9
       3
       3
       5
       8
       3
       6
       1
       2
       7
       5
       4
       4
       4
       8
       6
       3
       7
       3
       2
       3
       4
       5
       7
       4
       4
       4
       4
       3
       4
       4
       2
       7
       2
       5
       3
       5
       5
       5
       3
       8
       1
       5
       3
       0
       0
       4
       2
       0
       2
       3
       4
       5
       4
      10
       7
       3
       5
       5
       2
       3
       4
       3
       3
       3
       6
       4
       4
       5
       4
       2
       2
       2
       2
       2
       4
       5
       5
       1
       1
       4
       1
       6
       2
       5
       7
       2
       2
       1
       3
       4
       5
       6
       1
       6
       1
       1
       6
       1
       2
       3
       4
       2
       4
       3
       4
       4
       3
       2
       4
       2
       1
       2
       2
       6
       5
       2
       3
       2
       2
       1
       3
       0
       2
       3
       3
       5
       1
       3
       2
       3
       2
       5
       3
       3
       3
       1
       3
       3
       5
       5
       2
       7
       6
       4
       2
       6
       1
       4
       4
       4
       3
       4
       2
       5
       3
       5
       5
       4
       3
       6
       4
       8
       4
       8
      10
       9
      12
      11
      14
      10
      21
      24
      21
      24
      38
      39
      34
      41
      34
      38
      29
      24
      30
      20
      27
      16
      21
      13
      11
      12
      14
      15
      11
       7
      10
       5
       5
       5
       4
       5
       6
       5
       2
       5
       5
       5
       9
       3
       2
       0
       4
       3
       3
       8
       5
       6
       9
       3
       3
       2
       2
       3
       2
       3
       3
       4
       2
       4
       5
       1
       3
       0
       4
       3
       1
       2
       6
       0
       3
       1
       1
       1
       5
       2
       0
       3
       4
       2
       0
       3
       1
       1
       2
       1
       2
       2
       2
       0
       4
       2
       2
       3
       0
       0
       2
       1
       1
       3
       1
       5
       2
       1
       2
       1
       2
       0
       1
       4
       1
       2
       0
       0
       3
       1
       0
       2
       1
       0
       1
       2
       2
       1
       1
       2
       3
       1
       1
       1
       0
       4
       0
       2
       0
       0
       2
       0
       1
       1
       1
       1
       4
       1
       0
       0
       1
       4
       2
       6
       0
       3
       1
       2
       1
       0
       0
       2
       0
       0
       1
       4
       1
       2
       2
       2
       0
       2
       4
       1
       1
       3
       0
       1
       2
       2
       1
       0
       4
       1
       0
       1
       2
       0
       1
       2
       2
       2
       4
       0
       4
       2
       2
       3
       2
       1
       1
       3
       1
       0
       5
       4
       0
       2
       3
       2
       3
       1
       3
       3
       6
       3
       7
       6
       9
       2
       3
       4
       5
       9
       6
       8
       9
       8
      11
      12
       9
      13
      13
      15
      14
      13
      10
      10
      14
      16
       8
      16
       7
       7
       7
       7
      12
       6
       5
       4
       6
       4
       2
       0
       0
       2
       2
       0
       2
       1
       0
       0
       0
       0
       2
       1
       2
       0
       1
       3
       4
       0
       2
       0
       2
       2
       3
       2
       1
       1
       0
       1
       0
       0
       2
       0
       0
       2
       1
       0
       2
       1
       0
       0
       1
       2
       1
       0
       2
       0
       0
       0
       0
       0
       0
       0
       0
       1
       1
       0
       0
       1
       2
       0
       0
       0
       0
       0
       1
       0
       1
       0
       0
       0
       0
       2
       0
       2
       0
       0
       1
       1
       0
       0
       0
       0
       0
       0
       0
       1
       0
       0
       2
       0
       1
       0
       2
       0
       0
       0
       0
       1
       0
       0
       1
       0
       0
       0
       0
       0
       2
       0
       0
       0
       0
       0
       1
       0
       0
       0
       0
       0
       0
       0
       2
       0
       1
       0
       0
       1
       1
       0
       0
       2
       0
       0
       1
       0
       0
       0
       0
       0
       0
       1
       0
       0
       0
       0
       1
       1
       0
       0
       0
       1
       0
       1
       1
       0
       0
       1
       0
       0
       0
       0
       1
       1
       0
       2
       1
       0
       1
       1
       1
       0
       0
       2
       3
       0
       0
       0
       2
       0
       0
       0
       0
       0
       1
       0
       0
       1
       1
       1
       0
       0
       1
       0
       0
       0
       1
       1
       0
       0
       0
       0
       1
       0
       0
       0
       0
       0
       1
       0
       0
       0
       1
       0
       0
       0
       1
       0
       0
       1
       0
       2
       0
       0
       0
       0
       0
       0
       1
       0
       0
       0
       0
       0
       0
       0
       0
       0
       0
       0
       0
       0
       2
       1
       1
       1
       0
       1
       0
       0
       0
       0
       0
       0
       1
       0
       1
       0
       0
       0
       0
       1
       0
       0
       0
       1
       1
       0
       0
       0
       2
       0
       0
       0
       0
       1
       0
       1
       0
       1
       0
       0
       1
       2
       0
       0
       1
       1
       0
       0
       0
       0
       0
       0
       0
       1
       0
       1
       0
       1
       0
       1
       0
       0
       0
       0
       1
       0
       1
       0
       0
       1
       0
       1
       0
       1
       0
       1
       0
       0
       1
       0
       0
       0
       0
       0
       0
       1
       0
       0
       0
       0
       1
       0
       0
       1
       0
       2
       0
       1
       2
       0
       0
       0
       1
       0
       1
       0
       1
       0
       0
       0
       0
       1
       0
       0
       0
       0
       2
       0
       0
       1
       1
       0
       0
       0
       0
       0
       0
       0
       0
       2
       0
       0
       0
       0
       0
       0
       0
       0
       0
       0
       1
       0
       0
       0
       1
       1
       0
       0
       1
       0
       1
       0
       0
       0
       0
       0
       0
       1
       0
       0
       1
       0
       0
       2
       0
       0
       0
       0
       0
       0
       0
       0
       0
       0
       1
       0
       0
       0
       2
       0
       0
       0
       0
       0
       0
       0
       0
       0
       0
       0
       0
       0
       0
       0
       1
       0
       0
       0
       0
       1
       0
       0
       0
       0
       0
       0
       0
       0
       0
       0
       0
       0
       0
       0
       0
       0
       0
       0
       0
       0
       0
       0
       0
       0
       0
       0
       0
       0
       0
       0
       0
       0
       1
       0
       0
       0
       0
       0
       1
       0
       0
       0
       0
       0
       0
       0
       0
       0
       0
       0
       0
       0
       0
       0
       0
       0
       0
       1
       0
       0
       0
       0
       1
       0
       0
       0
       0
       0
       0
       0
       0
       0
       0
       0
       0
       0
       0
       0
       0
       0
       0
       0
       0
       0
       0
       0
       0
       0
       0
       0
       0
       0
       0
       0
       0
       0
       0
       0
       0
       0
       0
       0
       0
       0
       0
       0
       0
       0
       0
       0
       0
       0
       0
       0
       0
       0
       0
       0
       0
       0
       0
       0
       0
       0
       0
       0
       0
       0
       0
       0
       0
       0
       0
       0
       0
       0
       0
       0
       0
       0
       0
       0
       0
       0
       0
       0
       0
       0
       0
       0
       0
       0
       0
       0
       0
       0
       0
       0
       0
       0
       0
       0
       0
       0
       0
       0
       0
       0
       0
       0
       0
       0
       0
       0
       0
       1
       0
       0
       0
       0
       0
       0
       0
       0
       0
       0
       0
       0
       0
       0
       0
       0
       0
       0
       0
       0
       0
       0
       0
       0
       0
       0
       0
       0
       0
       0
       0
       0
       0
       0
       0
       0
       0
       0
       0
       0
       0
       0
       0
       0
       0
       0
       0
       0
       0
       0
       0
       0
       0
       0
       0
       0
       0
       0
       0
       0
       0
       0
       0
       0
       0
       0
       0
       0
       0
       0
       0
       0
       0
       0
       0
       0
       0
       0
       0
       0
       0
       0
       0
       0
       0
       0
       0
       0
       0
       0
       0
       0
       0
       0
       0
       0
       0
       0
       0
       0
       0
       0
       0
       0
       0
       0
       0
       0
       0
       0
       0
       0
       0
       0
       0
       0
       0
       0
       0
       0
       0
       0
       0
       0
       0
       0
       0
       0
       0
       0
       0
       0
       0
       0
       0
       0
       0
       0
       0
       0
       0
       0
       0
       0
       0
       0
       0
       0
       0
       0
       0
       0
       0
       0
       0
       0
       0
       0
       0
       0
       0
       0
       0
       0
       0
       0
       0
       0
       0
       0
       0
       0
       0
       0
       0
       0
       0
       0
       0
       0
       0
       0
       0
       0
       0
       0
       0
       0
       0
       0
       0
       0
       0
       0
       0
       0
       0
       0
       0
       0
       0
       0
       0
       0
       0
       0
       0
       0
       0
       0
       0
       0
       0
       0
       0
       0
       0
       0
       0
       0
       0
       0
       0
       0
       1
       0
       0
       0
       0
       0
       0
       0
       0
       0
       0
       0
       0
       0
       0
       0
       0
       0
       0
       0
       0
       0
       0
       0
       0
       0
       0
       0
       0
       0
       0
       0
       0
       0
       0
       0
       0
       0
       0
       0
       0
       0
       0
       0
       0
       0
       0
       0
       0
       0
       0
       0
       0
       0
       0
       0
       0
       0
       0
       0
       0
       0
       0
       0
       0
       0
       0
       0
       0
       0
       0
       0
       0
       0
       0
       0
       0
       0
       0
       0
       0
       0
       0
       0
       0
       0
       0
       0
       0
       0
       0
       0
       0
       0
       0
       0
       0
       0
       0
       0
       0
       0
       0
       0
       0
       0
       0
       0
       0
       0
       0
       0
       0
       0
       0
       0
       0
       0
       0
       0
       0
       0
       0
       0
       0
       0
       0
       0
       0
       0
       0
       0
       0
       0
       0
       0
       0
       0
       0
       0
       0
       0
       0
       0
       0
       0
       0
       0
       0
       0
       0
       0
       0
       0
       0
       0
       0
       0
       0
       0
       0
       0
       0
       0
       0
       0
       0
       0
       0
       0
       0
       0
       0
       0
       0
       0
       0
       0
       0
       0
       0
       0
       0
       0
       0
       0
       0
       0
       0
       0
       0
       0
       0
       0
       0
       0
       0
       0
       0
       0
       0
       0
       0
       0
       0
       0
       0
       0
       0
       0
       0
       0
       0
       0
       0
       0
       0
       0
       0
       0
       0
       0
       0
       0
       0
       0
       0
       0
       0
       0
       0
       0
       0
       0
       0
       0
       0
       0
       0
       0
       0
       0
       0
       0
       0
       0
       0
       0
       0
       0
       0
       0
       0
       0
       0
       0
       0
       0
       0
       0
       0
       0
       0
       0
       0
       0
       0
       0
       0
       0
       0
       0
       0
       0
       0
       0
       0
       0
       0
       0
       0
       0
       0
       0
       0
       0
       0
       0
       0
       0
       0
       0
       0
       0
       0
       0
       0
       0
       0
       0
       0
       0
       0
       0
       0
       0
       0
       0
       0
       0
       0
       0
       0
       0
       0
       0
       0
       0
       0
       0
       0
       0
       0
       0
       0
       0
       0
       0
       0
       0
       0
       0
       0
       0
       0
       0
       0
       0
       0
       0
       0
       0
       0
       0
       0
       0
       0
       0
       0
       0
       0
       0
       0
       0
       0
       0
       0
       0
       0
       0
       0
       0
       0
       0
       0
       0
       0
       0
       0
       0
       0
       0
       0
       0
       0
       0
       0
       0
       0
       0
       0
       0
       0
       0
       0
       0
       0
       0
       0
       0
       0
       0
       0
       0
       0
       0
       0
       0
       0
       0
       0
       0
       0
       0
       0
       0
       0
       0
       0
       0
       0
       0
       0
       0
       0
       0
       0
       0
       0
       0
       0
       0
       0
       0
       0
       0
       0
       0
       0
       0
       0
       0
       0
       0
       0
       0
       0
       0
       0
       0
       0
       0
       0
       0
       0
       0
       0
       0
       0
       0
       0
       0
       0
       0
       0
       0
       0
       0
       0
       0
       0
       0
       0
       0
       0
       0
       0
       0
       0
       0
       0
       0
       0
       0
       0
       0
       0
       0
       0
       0
       0
       0
       0
       0
       0
       0
       0
       0
       0
       0
       0
       0
       0
       0
       0
       0
       0
       0
       0
       0
       0
       0
       0
       0
       0
       0
       0
       0
       0
       0
       0
       0
       0
       0
       0
       0
       0
       0
       0
       0
       0
       0
       0
       0
       0
       0
       0
       0
       0
       0
       0
       0
       0
       0
       0
       0
       0
       0
       0
       0
       0
       0
       0
       0
       0
       0
       0
       0
       0
       0
       0
       0
       0
       0
       0
       0
       0
       0
       0
       0
       0
       0
       0
       0
       0
       0
       0
       0
       0
       0
       0
       0
       0
       0
       0
       0
       0
       0
       0
       0
       0
       0
       0
       0
       0
       0
       0
       0
       0
       0
       0
       0
       0
       0
       0
       0
       0
       0
       0
       0
       0
       0
       0
       0
       0
       0
       0
       0
       0
       0
       0
       0
       0
       0
       0
       0
       0
       0
       0
       0
       0
       0
       0
       0
       0
       0
       0
       0
       0
       0
       0
       0
       0
       0
       0
       0
       0
       0
       0
       0
       0
       0
       0
       0
       0
       0
       0
       0
       0
       0
       0
       0
       0
       0
       0
       0
       0
       0
       0
       0
       0
       0
       0
       0
       0
       0
       0
       0
       0
       0
       0
       0
       0
       0
       0
       0
$ROI:
0
$PRESETS:
None
0
0
$ENER_FIT:
0.000000 0.507705
$MCA_CAL:
3
0.000000E+000 5.077049E-001 0.000000E+000 keV
$SHAPE_CAL:
3
0.000000E+000 0.000000E+000 0.000000E+000
