$SPEC_ID:
Spectech 2021
$SPEC_REM:
DET# 1
DETDESC# JLAB-10 MCB 130
AP# Maestro Version 7.01
$DATE_MEA:
10/07/2021 16:32:22
$MEAS_TIM:
1356 1360
$DATA:
0 2047
       0
       0
       0
       0
       0
       0
       0
       0
       0
       0
       0
       0
       0
       0
       0
       0
       0
       0
       0
       0
       1
       0
       0
       0
       0
       0
       0
       0
       0
       0
       0
       0
       0
       0
       0
       0
       0
       0
       0
       0
      83
      85
      54
      28
      20
      12
       8
       5
       2
       3
       2
       2
       3
       3
       1
       5
       3
       0
       2
       3
       2
       5
       3
       0
       5
       3
       6
       5
       3
       3
       4
       3
       2
       1
       1
       1
       3
       3
       2
       5
       1
       0
       1
       0
       4
       2
       2
       0
       0
       2
       3
       1
       1
       0
       1
       3
       1
       1
       1
       1
       3
       2
       1
       1
       0
       2
       1
       1
       0
       0
       1
       3
       2
       0
       1
       1
       2
       3
       1
       0
       0
       2
       2
       1
       3
       2
       1
       1
       3
       0
       2
       1
       3
       0
       3
       0
       1
       2
       0
       1
       1
       1
       1
       0
       3
       2
       4
       1
       2
       1
       1
       2
       2
       1
       2
       0
       1
       2
       0
       0
       1
       1
       1
       0
       1
       0
       0
       0
       0
       1
       1
       1
       1
       1
       1
       2
       0
       4
       0
       2
       2
       1
       2
       3
       3
       1
       1
       0
       1
       2
       2
       1
       2
       0
       1
       1
       1
       1
       1
       1
       0
       2
       2
       1
       1
       1
       2
       4
       1
       1
       1
       0
       0
       2
       0
       0
       1
       1
       1
       1
       1
       4
       1
       1
       2
       1
       1
       0
       3
       1
       2
       1
       2
       1
       0
       0
       1
       1
       1
       1
       0
       0
       0
       1
       1
       2
       1
       1
       1
       2
       1
       0
       0
       0
       1
       3
       1
       2
       1
       2
       3
       1
       1
       0
       0
       1
       2
       2
       2
       0
       3
       0
       3
       1
       1
       1
       1
       0
       1
       1
       2
       1
       2
       0
       4
       0
       1
       2
       4
       0
       0
       2
       1
       5
       2
       4
       0
       3
       0
       1
       1
       2
       2
       1
       1
       1
       1
       1
       1
       2
       4
       1
       1
       2
       2
       3
       2
       0
       2
       1
       0
       3
       0
       1
       2
       1
       1
       2
       3
       0
       0
       1
       1
       1
       2
       1
       3
       0
       1
       0
       1
       4
       0
       4
       1
       1
       1
       1
       1
       1
       0
       0
       1
       1
       0
       1
       2
       2
       0
       1
       0
       0
       2
       0
       0
       0
       1
       0
       1
       0
       0
       0
       1
       0
       2
       2
       0
       4
       1
       2
       2
       1
       1
       1
       1
       2
       0
       3
       2
       1
       1
       2
       2
       0
       0
       2
       0
       1
       0
       1
       0
       1
       2
       4
       2
       3
       0
       0
       0
       0
       2
       2
       2
       0
       0
       2
       0
       1
       0
       0
       0
       1
       2
       1
       2
       1
       1
       0
       3
       0
       0
       2
       1
       2
       2
       2
       2
       1
       0
       1
       0
       1
       1
       2
       0
       1
       2
       1
       1
       0
       0
       0
       1
       1
       0
       1
       1
       0
       1
       1
       0
       1
       0
       0
       0
       0
       1
       2
       1
       2
       1
       1
       4
       0
       2
       1
       2
       0
       0
       0
       0
       0
       0
       1
       0
       2
       2
       0
       1
       0
       0
       1
       0
       2
       1
       1
       2
       2
       1
       3
       3
       0
       0
       1
       0
       1
       1
       1
       1
       0
       0
       1
       1
       1
       1
       0
       0
       0
       1
       0
       1
       0
       2
       1
       1
       1
       0
       1
       2
       0
       0
       1
       2
       1
       0
       0
       0
       0
       1
       0
       2
       1
       0
       1
       0
       0
       0
       1
       0
       4
       0
       3
       0
       2
       0
       0
       0
       1
       1
       0
       1
       2
       2
       2
       1
       1
       2
       5
       0
       1
       2
       1
       0
       1
       1
       0
       1
       3
       0
       1
       2
       1
       2
       0
       2
       0
       0
       0
       1
       2
       0
       1
       1
       0
       0
       1
       0
       1
       2
       1
       2
       1
       0
       1
       1
       1
       0
       0
       1
       0
       0
       0
       1
       0
       0
       0
       0
       0
       0
       1
       0
       1
       0
       3
       0
       1
       0
       0
       0
       1
       1
       1
       0
       2
       1
       0
       1
       1
       0
       1
       1
       1
       1
       1
       2
       0
       1
       0
       0
       1
       0
       1
       0
       0
       1
       2
       1
       0
       0
       1
       0
       1
       2
       0
       1
       2
       0
       0
       0
       0
       1
       4
       0
       1
       3
       1
       2
       0
       2
       2
       0
       1
       1
       0
       1
       1
       2
       1
       2
       1
       1
       0
       3
       1
       0
       1
       0
       1
       0
       0
       1
       0
       0
       0
       1
       2
       0
       1
       1
       4
       1
       2
       1
       2
       0
       1
       0
       1
       1
       1
       2
       1
       3
       1
       2
       0
       1
       1
       2
       1
       2
       3
       1
       1
       1
       5
       4
       3
       5
       2
       4
       2
       6
       2
       4
       3
       4
       4
       2
       2
       4
       5
       8
       2
       6
       5
       4
       4
       3
       8
       6
       6
       5
       9
      18
       4
      14
      13
      12
      20
      13
      17
      12
       7
      16
      16
      18
      20
      12
      23
      18
      16
      20
      29
      19
      22
      18
      16
      16
      10
      20
      13
      11
       7
      11
       8
       9
       6
       9
       9
       6
       5
       6
       3
       5
       7
       7
       3
       1
       2
       2
       0
       1
       1
       2
       1
       1
       1
       3
       0
       0
       1
       1
       0
       0
       1
       1
       0
       0
       0
       0
       0
       2
       0
       0
       0
       1
       1
       0
       0
       1
       0
       0
       1
       0
       0
       0
       1
       0
       0
       0
       1
       1
       0
       0
       0
       0
       0
       0
       0
       0
       0
       0
       0
       0
       0
       0
       0
       0
       1
       0
       0
       1
       0
       0
       0
       0
       1
       0
       1
       0
       0
       0
       0
       0
       1
       1
       0
       0
       0
       0
       0
       0
       0
       0
       0
       1
       0
       0
       0
       1
       0
       0
       1
       1
       1
       0
       0
       0
       0
       0
       0
       0
       0
       0
       0
       0
       0
       0
       0
       0
       1
       0
       1
       0
       0
       0
       0
       0
       0
       0
       1
       0
       0
       0
       0
       0
       1
       0
       0
       0
       0
       0
       0
       0
       0
       0
       2
       0
       0
       0
       0
       0
       0
       0
       0
       0
       0
       0
       0
       0
       0
       0
       0
       0
       0
       0
       0
       0
       0
       0
       0
       0
       0
       0
       0
       0
       0
       0
       1
       0
       0
       0
       0
       0
       0
       0
       0
       0
       0
       0
       2
       1
       1
       0
       0
       0
       0
       0
       0
       0
       0
       0
       0
       2
       0
       0
       2
       0
       2
       0
       0
       1
       0
       0
       0
       0
       1
       0
       0
       0
       0
       1
       1
       0
       1
       0
       0
       0
       0
       0
       0
       0
       1
       0
       0
       0
       0
       1
       0
       0
       0
       1
       0
       0
       0
       0
       0
       0
       0
       0
       0
       0
       0
       0
       1
       0
       0
       0
       0
       0
       0
       0
       1
       0
       1
       1
       0
       0
       0
       0
       0
       0
       0
       0
       0
       0
       0
       0
       0
       0
       0
       0
       0
       0
       1
       0
       0
       0
       0
       0
       0
       0
       0
       0
       0
       0
       1
       0
       0
       0
       1
       0
       0
       0
       0
       0
       0
       0
       0
       0
       0
       0
       1
       0
       0
       1
       0
       0
       0
       1
       0
       1
       1
       0
       0
       0
       0
       0
       0
       0
       0
       0
       0
       0
       0
       1
       0
       1
       1
       0
       0
       0
       0
       0
       0
       0
       0
       1
       1
       0
       2
       0
       2
       0
       0
       0
       0
       0
       0
       0
       0
       0
       1
       0
       0
       0
       0
       1
       0
       0
       0
       1
       0
       0
       0
       0
       0
       1
       0
       0
       0
       0
       0
       0
       0
       0
       0
       0
       2
       0
       0
       1
       0
       0
       0
       0
       0
       0
       0
       0
       0
       1
       0
       0
       1
       0
       0
       0
       0
       0
       0
       0
       0
       0
       0
       0
       0
       0
       0
       0
       0
       0
       0
       0
       0
       1
       0
       0
       0
       0
       0
       1
       0
       0
       0
       1
       1
       0
       0
       0
       1
       0
       0
       0
       1
       0
       0
       0
       0
       1
       0
       1
       0
       0
       0
       0
       0
       0
       0
       0
       0
       1
       0
       0
       0
       0
       0
       1
       0
       0
       0
       1
       0
       1
       0
       0
       0
       0
       1
       1
       0
       0
       0
       0
       1
       0
       0
       0
       0
       0
       0
       0
       0
       0
       0
       0
       0
       0
       0
       0
       0
       1
       0
       0
       0
       0
       0
       0
       1
       0
       0
       0
       0
       0
       0
       1
       0
       0
       0
       0
       1
       1
       0
       1
       0
       0
       0
       1
       0
       1
       0
       0
       0
       0
       1
       0
       0
       0
       0
       0
       0
       0
       0
       0
       0
       1
       0
       0
       0
       0
       0
       0
       0
       0
       0
       0
       0
       0
       0
       0
       0
       0
       0
       2
       0
       0
       0
       0
       0
       0
       1
       0
       1
       0
       0
       0
       0
       0
       0
       2
       2
       0
       1
       0
       0
       0
       0
       1
       0
       0
       1
       0
       0
       0
       0
       0
       0
       0
       1
       0
       0
       0
       0
       1
       0
       0
       0
       0
       0
       0
       0
       0
       0
       0
       1
       0
       1
       0
       0
       1
       0
       0
       0
       0
       0
       1
       1
       0
       0
       0
       0
       0
       0
       0
       1
       0
       0
       0
       0
       0
       1
       0
       0
       1
       0
       0
       0
       0
       0
       0
       0
       0
       1
       0
       0
       0
       0
       0
       0
       0
       0
       0
       0
       0
       0
       0
       2
       0
       1
       0
       0
       0
       0
       0
       0
       1
       1
       0
       0
       0
       1
       0
       0
       0
       0
       0
       0
       0
       0
       1
       0
       0
       0
       0
       0
       0
       0
       0
       0
       0
       0
       0
       0
       0
       0
       0
       0
       0
       0
       0
       0
       0
       0
       0
       0
       0
       0
       0
       0
       0
       0
       1
       0
       0
       0
       0
       0
       1
       0
       0
       0
       0
       0
       0
       0
       0
       0
       0
       0
       0
       0
       0
       0
       0
       0
       0
       0
       0
       0
       0
       0
       0
       0
       0
       0
       0
       0
       0
       0
       0
       1
       0
       0
       0
       0
       0
       0
       0
       0
       1
       0
       0
       0
       0
       0
       0
       0
       0
       0
       0
       0
       0
       0
       0
       0
       0
       0
       0
       0
       0
       0
       0
       0
       0
       0
       0
       0
       0
       0
       0
       0
       0
       0
       0
       0
       0
       0
       0
       0
       0
       0
       0
       0
       0
       0
       0
       0
       0
       0
       0
       1
       0
       0
       0
       0
       0
       0
       0
       0
       0
       0
       0
       0
       0
       0
       0
       0
       0
       0
       0
       0
       0
       0
       0
       0
       0
       0
       0
       0
       0
       0
       0
       0
       0
       0
       0
       0
       0
       0
       0
       0
       0
       0
       0
       0
       0
       0
       0
       0
       0
       0
       0
       0
       0
       0
       0
       0
       0
       0
       0
       0
       0
       1
       0
       0
       0
       0
       0
       0
       0
       0
       0
       0
       0
       0
       0
       0
       0
       0
       0
       0
       0
       0
       0
       0
       0
       0
       0
       0
       0
       0
       0
       0
       0
       0
       0
       0
       0
       0
       0
       0
       0
       0
       0
       0
       0
       0
       0
       0
       0
       0
       0
       0
       0
       0
       0
       0
       0
       0
       0
       0
       0
       0
       0
       0
       0
       0
       0
       0
       0
       0
       0
       0
       0
       0
       0
       0
       0
       0
       0
       0
       0
       0
       0
       0
       0
       1
       0
       0
       0
       0
       0
       0
       0
       0
       0
       0
       0
       0
       0
       0
       0
       0
       0
       0
       0
       0
       0
       0
       1
       0
       0
       0
       0
       0
       0
       0
       0
       0
       0
       0
       0
       0
       0
       0
       0
       0
       0
       0
       0
       0
       0
       0
       0
       0
       0
       0
       0
       0
       0
       0
       0
       0
       0
       0
       0
       0
       0
       0
       0
       0
       0
       0
       0
       0
       0
       0
       0
       0
       0
       0
       0
       0
       0
       0
       0
       0
       0
       0
       0
       0
       0
       0
       0
       0
       0
       0
       0
       0
       0
       0
       0
       0
       0
       0
       0
       0
       0
       0
       0
       0
       0
       0
       0
       0
       0
       0
       0
       0
       0
       0
       0
       0
       0
       0
       0
       0
       0
       0
       0
       0
       0
       0
       0
       0
       0
       0
       0
       0
       0
       0
       0
       0
       0
       0
       0
       0
       0
       0
       0
       0
       0
       0
       0
       0
       0
       0
       0
       0
       0
       0
       0
       0
       0
       0
       0
       0
       0
       0
       0
       0
       0
       0
       0
       0
       0
       0
       0
       0
       0
       0
       0
       0
       0
       0
       0
       0
       0
       0
       0
       0
       0
       0
       0
       0
       0
       0
       0
       0
       0
       0
       0
       0
       0
       0
       0
       0
       0
       0
       0
       0
       0
       0
       0
       0
       0
       0
       0
       0
       0
       0
       0
       0
       0
       0
       0
       0
       0
       0
       0
       0
       0
       0
       0
       0
       0
       0
       0
       0
       0
       0
       0
       0
       0
       0
       0
       0
       0
       0
       0
       0
       0
       0
       0
       0
       0
       0
       0
       0
       0
       0
       0
       0
       0
       0
       0
       0
       0
       0
       0
       0
       0
       0
       0
       0
       0
       0
       0
       0
       0
       0
       0
       0
       0
       0
       0
       0
$ROI:
0
$PRESETS:
None
0
0
$ENER_FIT:
0.000000 0.344111
$MCA_CAL:
3
0.000000E+000 3.441111E-001 0.000000E+000 keV
$SHAPE_CAL:
3
0.000000E+000 0.000000E+000 0.000000E+000
