################################################################################################
### CosmicWatch: The Desktop Muon Detector
### Device ID: FrankWilczek
### Launch time: 0:00:04 1/1/2019
### Questions? Email Spencer N. Axani (saxani@mit.edu)
### Event Time Date TimeStamp[ms] ADC1 ADC2 SiPM[mV] Temp[C] Pressure[Pa] DeadTime[us] Coincident
################################################################################################
1	0:00:05	1/1/2019 	298	755.00	17.00	17.33	25.16	102457.98	50623	0	
2	0:00:05	1/1/2019 	304	146.00	10.00	7.91	25.16	102457.98	5866	0	
3	0:00:06	1/1/2019 	1653	821.00	11.00	15.04	25.16	102459.11	103117	0	
4	0:00:07	1/1/2019 	2624	834.00	17.00	17.31	25.17	102460.33	52482	0	
5	0:00:08	1/1/2019 	3125	951.00	17.00	17.22	25.17	102460.48	1848	0	
6	0:00:08	1/1/2019 	3222	891.00	17.00	17.26	25.17	102460.48	1848	0	
7	0:00:08	1/1/2019 	3237	414.00	13.00	12.53	25.17	102460.48	1848	0	
8	0:00:08	1/1/2019 	3307	951.00	17.00	17.22	25.17	102460.48	1848	0	
9	0:00:08	1/1/2019 	3358	689.00	16.00	16.78	25.17	102460.48	1847	0	
10	0:00:08	1/1/2019 	3441	644.00	16.00	16.08	25.17	102460.81	3791	0	
11	0:00:08	1/1/2019 	3591	956.00	17.00	17.22	25.17	102460.81	52482	0	
12	0:00:09	1/1/2019 	4315	930.00	14.00	16.14	25.17	102460.97	1847	0	
13	0:00:10	1/1/2019 	5045	947.00	17.00	17.22	25.17	102461.14	52482	0	
14	0:00:10	1/1/2019 	5476	243.00	11.00	10.22	25.17	102461.45	1850	0	
15	0:00:10	1/1/2019 	5495	110.00	10.00	6.87	25.17	102461.45	1847	0	
16	0:00:11	1/1/2019 	6553	76.00	9.00	6.07	25.17	102461.78	103117	0	
17	0:00:11	1/1/2019 	6905	103.00	9.00	6.67	25.17	102461.78	3793	0	
18	0:00:12	1/1/2019 	7591	419.00	14.00	12.62	25.17	102462.09	52482	0	
19	0:00:12	1/1/2019 	7815	789.00	17.00	17.33	25.17	102462.09	1849	0	
20	0:00:12	1/1/2019 	7833	954.00	17.00	17.22	25.17	102462.09	1848	0	
21	0:00:13	1/1/2019 	8031	537.00	14.00	13.76	25.17	102462.71	1848	0	
22	0:00:13	1/1/2019 	8159	955.00	16.00	16.88	25.17	102462.71	1848	0	
23	0:00:13	1/1/2019 	8200	174.00	11.00	8.69	25.17	102462.71	1846	0	
24	0:00:13	1/1/2019 	8599	481.00	14.00	13.16	25.17	102462.87	54428	0	
25	0:00:13	1/1/2019 	8688	147.00	10.00	7.94	25.17	102462.87	1847	0	
26	0:00:13	1/1/2019 	8762	332.00	12.00	11.62	25.17	102462.87	1848	0	
27	0:00:14	1/1/2019 	9635	597.00	15.00	14.91	25.17	102463.19	52482	0	
28	0:00:15	1/1/2019 	10459	924.00	17.00	17.23	25.17	102463.35	2593	0	
29	0:00:15	1/1/2019 	10781	139.00	10.00	7.71	25.17	102463.35	52483	0	
30	0:00:16	1/1/2019 	11137	123.00	9.00	7.24	25.17	102463.93	1846	0	
31	0:00:16	1/1/2019 	11555	89.00	9.00	6.32	25.17	102464.09	52481	0	
32	0:00:17	1/1/2019 	12090	75.00	9.00	6.05	25.17	102464.09	3929	0	
33	0:00:17	1/1/2019 	12695	76.00	9.00	6.07	25.17	102464.25	52479	0	
34	0:00:17	1/1/2019 	12887	791.00	17.00	17.33	25.17	102464.25	1846	0	
35	0:00:18	1/1/2019 	13027	955.00	17.00	17.22	25.17	102464.70	1848	0	
36	0:00:18	1/1/2019 	13052	146.00	10.00	7.91	25.17	102464.70	1849	0	
37	0:00:18	1/1/2019 	13133	147.00	10.00	7.94	25.17	102464.70	1846	0	
38	0:00:18	1/1/2019 	13174	591.00	15.00	14.78	25.17	102464.70	1846	0	
39	0:00:18	1/1/2019 	13393	90.00	10.00	6.35	25.17	102464.70	3793	0	
40	0:00:18	1/1/2019 	13867	149.00	10.00	8.00	25.17	102464.70	52481	0	
41	0:00:19	1/1/2019 	14955	756.00	17.00	17.33	25.17	102465.02	52481	0	
42	0:00:20	1/1/2019 	15009	616.00	16.00	15.46	25.17	102465.02	1849	0	
43	0:00:20	1/1/2019 	15319	151.00	10.00	8.06	25.17	102465.02	1846	0	
44	0:00:20	1/1/2019 	15574	949.00	17.00	17.22	25.18	102465.44	52481	1	
45	0:00:20	1/1/2019 	15885	131.00	10.00	7.48	25.18	102465.44	1847	0	
46	0:00:21	1/1/2019 	16070	233.00	10.00	10.02	25.18	102465.44	3792	0	
47	0:00:22	1/1/2019 	17162	97.00	9.00	6.52	25.18	102465.44	52483	0	
48	0:00:22	1/1/2019 	17602	953.00	17.00	17.22	25.18	102465.89	52480	1	
49	0:00:22	1/1/2019 	17627	676.00	16.00	16.64	25.18	102465.89	1847	0	
50	0:00:22	1/1/2019 	17812	786.00	16.00	17.01	25.18	102465.89	1844	0	
51	0:00:23	1/1/2019 	18210	163.00	10.00	8.39	25.18	102465.73	1844	0	
52	0:00:23	1/1/2019 	18354	140.00	10.00	7.74	25.18	102465.73	1848	0	
53	0:00:23	1/1/2019 	18414	961.00	17.00	17.22	25.18	102465.73	3791	0	
54	0:00:24	1/1/2019 	19203	95.00	9.00	6.47	25.18	102465.73	52479	0	
55	0:00:24	1/1/2019 	19657	864.00	16.00	16.96	25.18	102466.19	52481	0	
56	0:00:25	1/1/2019 	20014	730.00	16.00	17.00	25.18	102466.02	2590	0	
57	0:00:25	1/1/2019 	20473	67.00	9.00	5.94	25.18	102466.02	1846	0	
58	0:00:25	1/1/2019 	20812	874.00	17.00	17.28	25.18	102466.02	52480	0	
59	0:00:25	1/1/2019 	20952	170.00	10.00	8.58	25.18	102466.02	1848	0	
60	0:00:25	1/1/2019 	20977	957.00	17.00	17.22	25.18	102465.86	1846	0	
61	0:00:26	1/1/2019 	21895	639.00	16.00	15.98	25.18	102465.70	54564	0	
62	0:00:27	1/1/2019 	22185	738.00	16.00	17.01	25.18	102465.64	1846	0	
63	0:00:27	1/1/2019 	22226	892.00	17.00	17.26	25.18	102465.64	1846	0	
64	0:00:27	1/1/2019 	22576	171.00	10.00	8.60	25.18	102465.48	52482	0	
65	0:00:27	1/1/2019 	22710	954.00	17.00	17.22	25.18	102465.48	1847	0	
66	0:00:28	1/1/2019 	23166	628.00	11.00	14.80	25.18	102465.31	1847	0	
67	0:00:28	1/1/2019 	23356	522.00	14.00	13.57	25.18	102465.31	1848	0	
68	0:00:28	1/1/2019 	23686	189.00	10.00	9.06	25.18	102465.16	54430	0	
69	0:00:29	1/1/2019 	24345	370.00	13.00	12.10	25.19	102465.29	1847	0	
70	0:00:29	1/1/2019 	24435	188.00	10.00	9.04	25.19	102465.29	1848	0	
71	0:00:29	1/1/2019 	24682	162.00	10.00	8.36	25.19	102464.97	52483	0	
72	0:00:29	1/1/2019 	24934	123.00	10.00	7.24	25.19	102464.97	1846	0	
73	0:00:30	1/1/2019 	25157	929.00	17.00	17.23	25.19	102464.97	1846	0	
74	0:00:30	1/1/2019 	25194	68.00	9.00	5.95	25.19	102464.97	1847	0	
75	0:00:30	1/1/2019 	25326	140.00	10.00	7.74	25.19	102464.97	3844	0	
76	0:00:30	1/1/2019 	25574	172.00	10.00	8.63	25.19	102464.64	52483	0	
77	0:00:30	1/1/2019 	25781	751.00	17.00	17.33	25.19	102464.64	1847	0	
78	0:00:30	1/1/2019 	25978	605.00	15.00	15.08	25.19	102465.06	1847	0	
79	0:00:31	1/1/2019 	26269	896.00	17.00	17.26	25.19	102465.06	1847	0	
80	0:00:31	1/1/2019 	26839	957.00	16.00	16.88	25.19	102465.06	52484	0	
81	0:00:32	1/1/2019 	27079	249.00	11.00	10.33	25.19	102464.73	1845	0	
82	0:00:32	1/1/2019 	27151	162.00	10.00	8.36	25.19	102464.73	3793	0	
83	0:00:32	1/1/2019 	27276	86.00	9.00	6.26	25.19	102464.73	1846	0	
84	0:00:32	1/1/2019 	27447	240.00	11.00	10.17	25.19	102464.73	1847	0	
85	0:00:32	1/1/2019 	27760	686.00	14.00	16.22	25.19	102464.87	52482	0	
86	0:00:33	1/1/2019 	28225	707.00	16.00	16.92	25.19	102464.55	1847	0	
87	0:00:33	1/1/2019 	28833	653.00	16.00	16.26	25.19	102464.55	52483	0	
88	0:00:33	1/1/2019 	28856	341.00	12.00	11.73	25.19	102464.55	1845	0	
89	0:00:34	1/1/2019 	29076	174.00	10.00	8.68	25.19	102464.55	1846	0	
90	0:00:35	1/1/2019 	30191	403.00	13.00	12.43	25.19	102464.64	54429	0	
91	0:00:35	1/1/2019 	30357	153.00	10.00	8.11	25.19	102464.64	2594	0	
92	0:00:36	1/1/2019 	31681	737.00	15.00	16.70	25.20	102464.94	103117	0	
93	0:00:37	1/1/2019 	32098	563.00	15.00	14.25	25.20	102464.77	1848	0	
94	0:00:37	1/1/2019 	32408	72.00	10.00	6.01	25.20	102464.77	1849	0	
95	0:00:38	1/1/2019 	33708	895.00	17.00	17.26	25.20	102464.71	103118	1	
96	0:00:38	1/1/2019 	33761	597.00	15.00	14.91	25.20	102464.71	1848	0	
97	0:00:39	1/1/2019 	34083	104.00	9.00	6.70	25.20	102465.00	3929	0	
98	0:00:39	1/1/2019 	34602	93.00	9.00	6.42	25.20	102465.00	52485	0	
99	0:00:39	1/1/2019 	34768	529.00	15.00	13.74	25.20	102465.00	1847	0	
100	0:00:40	1/1/2019 	35161	135.00	10.00	7.59	25.20	102465.45	1847	0	
101	0:00:40	1/1/2019 	35351	95.00	12.00	6.47	25.20	102465.45	1848	0	
102	0:00:40	1/1/2019 	35592	75.00	9.00	6.05	25.20	102465.45	52484	0	
103	0:00:41	1/1/2019 	36225	384.00	13.00	12.25	25.20	102465.30	1846	0	
104	0:00:41	1/1/2019 	36285	320.00	12.00	11.46	25.20	102465.30	3792	0	
105	0:00:41	1/1/2019 	36461	741.00	16.00	17.02	25.20	102465.30	1846	0	
106	0:00:41	1/1/2019 	36591	100.00	9.00	6.60	25.20	102465.12	52486	0	
107	0:00:42	1/1/2019 	37162	75.00	9.00	6.05	25.21	102465.23	1853	0	
108	0:00:42	1/1/2019 	37264	69.00	9.00	5.97	25.21	102465.23	1848	0	
109	0:00:42	1/1/2019 	37297	566.00	15.00	14.30	25.21	102465.23	1847	0	
110	0:00:42	1/1/2019 	37624	592.00	15.00	14.80	25.21	102465.06	52484	0	
111	0:00:42	1/1/2019 	37825	365.00	13.00	12.04	25.21	102465.06	3793	0	
112	0:00:42	1/1/2019 	37881	89.00	8.00	6.32	25.21	102465.06	1849	0	
113	0:00:43	1/1/2019 	38340	520.00	14.00	13.55	25.21	102464.91	1846	0	
114	0:00:43	1/1/2019 	38921	749.00	16.00	17.02	25.21	102465.36	52484	0	
115	0:00:44	1/1/2019 	39143	62.00	9.00	5.90	25.21	102465.20	1846	0	
116	0:00:44	1/1/2019 	39204	773.00	16.00	17.02	25.21	102465.20	1849	0	
117	0:00:45	1/1/2019 	40215	656.00	16.00	16.32	25.21	102465.30	52481	0	
118	0:00:45	1/1/2019 	40241	110.00	9.00	6.87	25.21	102465.30	4682	0	
119	0:00:45	1/1/2019 	40456	84.00	9.00	6.22	25.21	102465.30	1846	0	
120	0:00:45	1/1/2019 	40475	790.00	17.00	17.33	25.21	102465.30	1848	0	
121	0:00:45	1/1/2019 	40920	385.00	13.00	12.26	25.21	102465.27	52482	0	
122	0:00:47	1/1/2019 	42110	680.00	12.00	15.59	25.22	102464.88	52484	0	
123	0:00:47	1/1/2019 	42669	114.00	9.00	6.98	25.22	102465.00	52490	0	
124	0:00:47	1/1/2019 	42683	955.00	16.00	16.88	25.22	102465.00	1847	0	
125	0:00:47	1/1/2019 	42905	523.00	15.00	13.66	25.22	102465.00	1847	0	
126	0:00:48	1/1/2019 	43072	189.00	11.00	9.07	25.22	102464.84	3792	0	
127	0:00:48	1/1/2019 	43178	840.00	16.00	16.98	25.22	102464.84	1849	0	
128	0:00:48	1/1/2019 	43467	159.00	10.00	8.28	25.22	102464.84	1846	0	
129	0:00:48	1/1/2019 	43840	138.00	9.00	7.68	25.22	102464.69	52482	0	
130	0:00:49	1/1/2019 	44746	117.00	10.00	7.07	25.22	102464.62	52483	0	
131	0:00:50	1/1/2019 	45287	949.00	17.00	17.22	25.22	102464.91	1854	1	
132	0:00:50	1/1/2019 	45853	166.00	10.00	8.47	25.22	102464.59	52484	0	
133	0:00:51	1/1/2019 	46623	154.00	10.00	8.14	25.23	102464.69	54427	0	
134	0:00:51	1/1/2019 	46822	116.00	10.00	7.04	25.23	102464.69	1848	0	
135	0:00:52	1/1/2019 	47061	614.00	16.00	15.42	25.23	102464.52	1847	0	
136	0:00:52	1/1/2019 	47334	110.00	9.00	6.87	25.23	102464.52	1846	0	
137	0:00:53	1/1/2019 	48566	647.00	15.00	15.95	25.23	102464.62	103120	0	
138	0:00:54	1/1/2019 	49084	880.00	17.00	17.28	25.23	102464.47	1855	0	
139	0:00:54	1/1/2019 	49128	515.00	14.00	13.49	25.23	102464.47	1848	0	
140	0:00:55	1/1/2019 	50149	469.00	14.00	13.05	25.23	102464.23	54431	0	
141	0:00:55	1/1/2019 	50484	463.00	14.00	13.00	25.23	102464.23	2595	0	
142	0:00:55	1/1/2019 	50568	336.00	12.00	11.67	25.24	102464.53	52481	0	
143	0:00:55	1/1/2019 	50707	533.00	14.00	13.71	25.24	102464.53	1848	0	
144	0:00:56	1/1/2019 	51998	464.00	14.00	13.01	25.24	102464.14	52483	0	
145	0:00:57	1/1/2019 	52494	951.00	17.00	17.22	25.24	102464.27	1848	0	
146	0:00:58	1/1/2019 	53154	69.00	9.00	5.97	25.24	102464.11	52484	0	
147	0:00:58	1/1/2019 	53478	423.00	13.00	12.61	25.24	102464.11	3931	0	
148	0:00:59	1/1/2019 	54383	917.00	17.00	17.23	25.24	102464.21	52484	0	
149	0:00:59	1/1/2019 	54401	283.00	11.00	10.90	25.24	102464.21	1849	0	
150	0:00:59	1/1/2019 	54776	310.00	11.00	11.29	25.24	102464.50	52485	0	
151	0:01:00	1/1/2019 	55179	182.00	10.00	8.89	25.24	102464.18	1847	0	
152	0:01:00	1/1/2019 	55596	101.00	9.00	6.62	25.25	102464.27	52487	0	
153	0:01:01	1/1/2019 	56068	115.00	9.00	7.01	25.25	102464.11	1847	0	
154	0:01:01	1/1/2019 	56337	98.00	9.00	6.54	25.25	102464.11	3794	0	
155	0:01:01	1/1/2019 	56633	773.00	16.00	17.02	25.25	102464.25	52485	1	
156	0:01:01	1/1/2019 	56861	193.00	10.00	9.16	25.25	102464.25	1846	0	
157	0:01:02	1/1/2019 	57025	516.00	14.00	13.50	25.25	102463.92	1848	0	
158	0:01:02	1/1/2019 	57489	188.00	10.00	9.04	25.25	102463.92	1850	0	
159	0:01:02	1/1/2019 	57705	893.00	17.00	17.26	25.25	102464.05	52483	0	
160	0:01:02	1/1/2019 	57819	885.00	12.00	15.38	25.25	102464.05	1849	0	
161	0:01:02	1/1/2019 	57847	885.00	17.00	17.27	25.25	102464.05	3846	0	
162	0:01:03	1/1/2019 	58278	70.00	9.00	5.98	25.25	102463.89	1847	0	
163	0:01:03	1/1/2019 	58994	188.00	10.00	9.04	25.25	102463.98	52483	0	
164	0:01:04	1/1/2019 	59334	696.00	16.00	16.85	25.25	102463.67	1849	0	
165	0:01:04	1/1/2019 	59434	612.00	15.00	15.23	25.25	102463.67	1847	0	
166	0:01:04	1/1/2019 	59917	533.00	14.00	13.71	25.26	102463.96	52487	0	
167	0:01:05	1/1/2019 	60203	522.00	14.00	13.57	25.26	102463.64	2594	0	
168	0:01:05	1/1/2019 	60256	293.00	11.00	11.05	25.26	102463.64	3931	0	
169	0:01:06	1/1/2019 	61002	142.00	12.00	7.80	25.26	102464.03	52485	0	
170	0:01:06	1/1/2019 	61493	613.00	15.00	15.25	25.26	102464.03	1849	0	
171	0:01:06	1/1/2019 	61582	885.00	17.00	17.27	25.26	102463.55	52483	0	
172	0:01:06	1/1/2019 	61831	929.00	17.00	17.23	25.26	102463.55	1847	0	
173	0:01:07	1/1/2019 	62098	952.00	17.00	17.22	25.26	102463.80	1848	0	
174	0:01:07	1/1/2019 	62173	80.00	9.00	6.14	25.26	102463.80	1849	0	
175	0:01:07	1/1/2019 	62691	898.00	17.00	17.25	25.26	102463.31	52484	0	
176	0:01:07	1/1/2019 	62949	767.00	16.00	17.02	25.26	102463.31	3793	0	
177	0:01:08	1/1/2019 	63238	128.00	9.00	7.39	25.27	102463.61	1846	0	
178	0:01:09	1/1/2019 	64662	597.00	11.00	14.33	25.27	102463.35	103118	0	
179	0:01:09	1/1/2019 	64995	956.00	16.00	16.88	25.27	102463.35	1850	0	
180	0:01:10	1/1/2019 	65343	702.00	16.00	16.89	25.27	102463.48	1847	0	
181	0:01:11	1/1/2019 	66078	550.00	14.00	13.95	25.28	102463.42	52480	0	
182	0:01:11	1/1/2019 	66379	146.00	10.00	7.91	25.28	102463.42	1850	0	
183	0:01:11	1/1/2019 	66910	958.00	16.00	16.88	25.28	102463.39	54431	0	
184	0:01:12	1/1/2019 	67318	952.00	17.00	17.22	25.28	102463.23	1847	0	
185	0:01:12	1/1/2019 	67362	66.00	9.00	5.93	25.28	102463.23	1848	0	
186	0:01:13	1/1/2019 	68077	881.00	16.00	16.94	25.28	102463.61	52481	0	
187	0:01:13	1/1/2019 	68434	76.00	9.00	6.07	25.28	102463.61	1847	0	
188	0:01:13	1/1/2019 	68489	185.00	10.00	8.96	25.28	102463.61	1848	0	
189	0:01:13	1/1/2019 	68996	780.00	16.00	17.02	25.28	102463.30	52483	0	
190	0:01:14	1/1/2019 	69084	697.00	16.00	16.85	25.29	102463.39	3792	0	
191	0:01:14	1/1/2019 	69329	812.00	16.00	17.00	25.29	102463.39	1848	0	
192	0:01:14	1/1/2019 	69480	145.00	10.00	7.88	25.29	102463.39	1845	0	
193	0:01:14	1/1/2019 	69713	658.00	16.00	16.35	25.29	102463.52	52484	0	
194	0:01:15	1/1/2019 	70102	63.00	9.00	5.91	25.29	102463.52	2591	0	
195	0:01:15	1/1/2019 	70848	336.00	12.00	11.67	25.29	102463.61	52483	0	
196	0:01:16	1/1/2019 	71256	447.00	13.00	12.81	25.29	102463.74	1848	0	
197	0:01:16	1/1/2019 	71633	577.00	15.00	14.51	25.30	102463.84	54620	0	
198	0:01:16	1/1/2019 	71753	186.00	10.00	8.99	25.30	102463.84	1847	0	
199	0:01:16	1/1/2019 	71777	794.00	16.00	17.01	25.30	102463.84	1847	0	
200	0:01:16	1/1/2019 	71830	160.00	10.00	8.31	25.30	102463.84	1847	0	
201	0:01:17	1/1/2019 	72407	634.00	15.00	15.69	25.30	102464.12	1850	0	
202	0:01:17	1/1/2019 	72794	290.00	11.00	11.01	25.30	102463.66	52488	0	
203	0:01:18	1/1/2019 	73054	94.00	9.00	6.44	25.30	102463.78	1848	0	
204	0:01:18	1/1/2019 	73100	959.00	15.00	16.52	25.30	102463.78	3795	0	
205	0:01:20	1/1/2019 	75060	191.00	10.00	9.11	25.31	102463.94	103116	0	
206	0:01:20	1/1/2019 	75276	82.00	9.00	6.18	25.31	102463.94	1848	0	
207	0:01:20	1/1/2019 	75598	928.00	17.00	17.23	25.31	102463.91	52482	0	
208	0:01:20	1/1/2019 	75860	216.00	10.00	9.67	25.31	102463.91	1847	0	
209	0:01:21	1/1/2019 	76077	620.00	15.00	15.40	25.31	102464.17	1849	0	
210	0:01:21	1/1/2019 	76495	330.00	12.00	11.59	25.31	102464.17	1849	0	
211	0:01:21	1/1/2019 	76581	640.00	16.00	16.00	25.32	102464.30	54424	0	
212	0:01:21	1/1/2019 	76597	958.00	16.00	16.88	25.32	102464.30	1845	1	
213	0:01:21	1/1/2019 	76836	152.00	10.00	8.08	25.32	102464.30	1847	0	
214	0:01:22	1/1/2019 	77273	331.00	12.00	11.60	25.32	102464.39	1847	0	
215	0:01:22	1/1/2019 	77591	169.00	10.00	8.55	25.32	102464.52	52483	0	
216	0:01:22	1/1/2019 	77838	81.00	9.00	6.16	25.32	102464.52	1848	0	
217	0:01:23	1/1/2019 	78358	950.00	16.00	16.88	25.32	102464.49	1848	0	
218	0:01:23	1/1/2019 	78381	145.00	9.00	7.88	25.32	102464.49	3793	0	
219	0:01:23	1/1/2019 	78684	426.00	13.00	12.63	25.32	102464.17	52479	0	
220	0:01:23	1/1/2019 	78711	582.00	15.00	14.60	25.32	102464.17	1849	0	
221	0:01:23	1/1/2019 	78741	384.00	12.00	12.20	25.32	102464.17	1848	0	
222	0:01:24	1/1/2019 	79034	611.00	15.00	15.21	25.33	102464.43	1846	0	
223	0:01:24	1/1/2019 	79153	682.00	16.00	16.71	25.33	102464.43	1848	0	
224	0:01:24	1/1/2019 	79211	749.00	16.00	17.02	25.33	102464.43	1845	0	
225	0:01:24	1/1/2019 	79329	457.00	13.00	12.89	25.33	102464.43	1846	0	
226	0:01:25	1/1/2019 	80143	678.00	16.00	16.66	25.33	102464.66	54428	0	
227	0:01:25	1/1/2019 	80263	65.00	9.00	5.92	25.33	102464.66	2787	0	
228	0:01:25	1/1/2019 	80311	174.00	10.00	8.68	25.33	102464.66	1848	0	
229	0:01:25	1/1/2019 	80450	154.00	10.00	8.14	25.33	102464.66	1848	0	
230	0:01:25	1/1/2019 	80683	104.00	9.00	6.70	25.33	102464.62	52483	0	
231	0:01:26	1/1/2019 	81100	561.00	14.00	14.12	25.33	102464.30	1852	0	
232	0:01:27	1/1/2019 	82555	901.00	16.00	16.91	25.34	102464.30	103116	0	
233	0:01:27	1/1/2019 	82621	69.00	9.00	5.97	25.34	102464.30	3930	0	
234	0:01:27	1/1/2019 	82855	524.00	14.00	13.60	25.34	102464.30	1848	0	
235	0:01:28	1/1/2019 	83115	953.00	16.00	16.88	25.34	102463.82	1849	0	
236	0:01:28	1/1/2019 	83233	694.00	16.00	16.83	25.34	102463.82	1846	0	
237	0:01:28	1/1/2019 	83353	401.00	13.00	12.41	25.34	102463.82	1847	0	
238	0:01:29	1/1/2019 	84186	150.00	10.00	8.03	25.35	102464.05	52482	0	
239	0:01:29	1/1/2019 	84279	97.00	9.00	6.52	25.35	102464.05	1848	0	
240	0:01:29	1/1/2019 	84760	394.00	13.00	12.34	25.35	102464.02	54426	0	
241	0:01:30	1/1/2019 	85576	203.00	10.00	9.39	25.35	102464.24	52483	0	
242	0:01:30	1/1/2019 	85675	441.00	13.00	12.76	25.35	102464.24	1849	0	
243	0:01:30	1/1/2019 	85875	299.00	11.00	11.14	25.35	102464.24	1849	0	
244	0:01:31	1/1/2019 	86072	254.00	11.00	10.42	25.36	102464.53	1848	0	
245	0:01:31	1/1/2019 	86832	521.00	14.00	13.56	25.36	102463.89	52482	0	
246	0:01:32	1/1/2019 	87092	178.00	10.00	8.79	25.36	102463.98	1848	0	
247	0:01:32	1/1/2019 	87732	271.00	11.00	10.71	25.36	102464.12	54482	0	
248	0:01:32	1/1/2019 	87764	375.00	12.00	12.11	25.36	102464.12	1848	0	
249	0:01:33	1/1/2019 	88203	165.00	9.00	8.44	25.36	102464.05	1847	0	
250	0:01:34	1/1/2019 	89075	930.00	17.00	17.22	25.37	102463.86	52484	0	
251	0:01:34	1/1/2019 	89468	76.00	8.00	6.07	25.37	102463.86	1848	0	
252	0:01:34	1/1/2019 	89867	128.00	9.00	7.39	25.37	102463.95	52479	0	
253	0:01:34	1/1/2019 	89906	143.00	9.00	7.82	25.37	102463.95	2786	0	
254	0:01:35	1/1/2019 	90638	152.00	9.00	8.08	25.37	102464.06	54564	0	
255	0:01:35	1/1/2019 	90859	285.00	11.00	10.93	25.37	102464.06	1849	0	
256	0:01:36	1/1/2019 	91022	460.00	13.00	12.91	25.37	102464.06	1848	0	
257	0:01:36	1/1/2019 	91362	957.00	16.00	16.88	25.37	102464.16	1849	1	
258	0:01:36	1/1/2019 	91975	246.00	11.00	10.28	25.37	102463.83	52478	0	
259	0:01:37	1/1/2019 	92145	690.00	16.00	16.79	25.38	102463.96	1848	0	
260	0:01:37	1/1/2019 	92229	164.00	10.00	8.42	25.38	102463.96	1847	0	
261	0:01:37	1/1/2019 	92994	83.00	9.00	6.20	25.38	102464.22	54428	0	
262	0:01:38	1/1/2019 	93130	710.00	15.00	16.64	25.38	102464.51	1847	0	
263	0:01:38	1/1/2019 	93561	652.00	16.00	16.24	25.38	102464.61	52482	0	
264	0:01:39	1/1/2019 	94038	763.00	16.00	17.02	25.38	102464.61	1845	0	
265	0:01:39	1/1/2019 	94228	674.00	16.00	16.61	25.39	102464.73	1847	0	
266	0:01:39	1/1/2019 	94562	956.00	16.00	16.88	25.39	102464.67	52479	0	
267	0:01:39	1/1/2019 	94781	128.00	9.00	7.39	25.39	102464.67	1846	0	
268	0:01:39	1/1/2019 	94986	955.00	16.00	16.88	25.39	102464.67	3792	0	
269	0:01:40	1/1/2019 	95060	821.00	16.00	16.99	25.39	102464.51	1846	0	
270	0:01:40	1/1/2019 	95218	262.00	11.00	10.56	25.39	102464.51	1847	0	
271	0:01:40	1/1/2019 	95244	802.00	17.00	17.33	25.39	102464.51	1848	0	
272	0:01:41	1/1/2019 	96014	64.00	9.00	5.92	25.39	102464.64	52482	0	
273	0:01:41	1/1/2019 	96114	116.00	13.00	7.05	25.39	102464.89	1847	0	
274	0:01:41	1/1/2019 	96161	511.00	14.00	13.45	25.39	102464.89	1848	0	
275	0:01:41	1/1/2019 	96179	112.00	9.00	6.92	25.39	102464.89	1847	0	
276	0:01:42	1/1/2019 	97293	733.00	16.00	17.01	25.40	102465.16	54427	0	
277	0:01:42	1/1/2019 	97661	103.00	9.00	6.67	25.40	102465.41	52479	0	
278	0:01:43	1/1/2019 	98312	127.00	10.00	7.36	25.40	102464.93	1848	0	
279	0:01:43	1/1/2019 	98776	872.00	16.00	16.95	25.40	102465.22	52481	0	
280	0:01:44	1/1/2019 	99086	920.00	16.00	16.89	25.41	102465.31	1846	0	
281	0:01:44	1/1/2019 	99119	307.00	12.00	11.28	25.41	102465.31	1847	0	
282	0:01:44	1/1/2019 	99206	521.00	14.00	13.56	25.41	102465.31	1847	0	
283	0:01:46	1/1/2019 	101723	212.00	11.00	9.60	25.42	102465.32	155692	0	
284	0:01:47	1/1/2019 	102772	154.00	9.00	8.13	25.42	102465.42	53420	0	
285	0:01:47	1/1/2019 	102989	162.00	10.00	8.36	25.42	102465.42	1849	0	
286	0:01:48	1/1/2019 	103274	145.00	9.00	7.88	25.42	102465.36	1848	0	
287	0:01:48	1/1/2019 	103469	648.00	16.00	16.17	25.42	102465.36	1849	0	
288	0:01:49	1/1/2019 	104017	948.00	16.00	16.88	25.43	102465.33	52478	1	
289	0:01:49	1/1/2019 	104054	405.00	12.00	12.40	25.43	102465.42	1849	0	
290	0:01:49	1/1/2019 	104158	592.00	15.00	14.80	25.43	102465.42	3930	0	
291	0:01:50	1/1/2019 	105040	94.00	9.00	6.44	25.43	102465.39	52481	0	
292	0:01:50	1/1/2019 	105267	126.00	9.00	7.33	25.43	102465.07	1848	0	
293	0:01:50	1/1/2019 	105378	861.00	16.00	16.96	25.43	102465.07	1848	0	
294	0:01:50	1/1/2019 	105402	953.00	17.00	17.22	25.43	102465.07	1847	0	
295	0:01:50	1/1/2019 	105748	953.00	16.00	16.88	25.43	102465.00	52484	0	
296	0:01:50	1/1/2019 	105931	679.00	15.00	16.42	25.43	102465.00	1847	0	
297	0:01:50	1/1/2019 	105990	372.00	12.00	12.08	25.43	102465.00	3794	0	
298	0:01:51	1/1/2019 	106304	398.00	13.00	12.38	25.44	102465.13	1848	0	
299	0:01:52	1/1/2019 	107714	950.00	16.00	16.88	25.44	102465.33	103117	1	
300	0:01:52	1/1/2019 	107845	832.00	16.00	16.99	25.44	102465.33	1849	0	
301	0:01:53	1/1/2019 	108456	949.00	17.00	17.22	25.45	102465.42	1846	0	
302	0:01:54	1/1/2019 	109056	177.00	10.00	8.76	25.45	102465.48	52484	0	
303	0:01:54	1/1/2019 	109738	954.00	16.00	16.88	25.45	102465.62	52485	0	
304	0:01:55	1/1/2019 	110204	162.00	10.00	8.36	25.46	102465.72	4874	0	
305	0:01:55	1/1/2019 	110618	646.00	15.00	15.93	25.46	102465.84	52484	0	
306	0:01:55	1/1/2019 	110704	178.00	10.00	8.79	25.46	102465.84	1848	0	
307	0:01:55	1/1/2019 	110769	117.00	9.00	7.07	25.46	102465.84	1849	0	
308	0:01:56	1/1/2019 	111310	765.00	16.00	17.02	25.46	102465.95	1848	0	
309	0:01:56	1/1/2019 	111414	657.00	15.00	16.12	25.46	102465.95	1847	0	
310	0:01:56	1/1/2019 	111755	62.00	9.00	5.90	25.46	102466.08	52482	0	
311	0:01:57	1/1/2019 	112827	602.00	13.00	14.73	25.47	102466.14	54429	0	
312	0:01:57	1/1/2019 	112997	882.00	16.00	16.94	25.47	102466.14	1850	0	
313	0:01:58	1/1/2019 	113123	203.00	10.00	9.39	25.47	102466.11	1846	0	
314	0:01:58	1/1/2019 	113185	942.00	16.00	16.88	25.47	102466.11	1850	0	
315	0:01:58	1/1/2019 	113438	411.00	12.00	12.45	25.47	102466.11	1847	0	
316	0:01:58	1/1/2019 	113683	961.00	17.00	17.22	25.47	102466.05	52482	0	
317	0:01:59	1/1/2019 	114064	951.00	16.00	16.88	25.48	102466.17	1847	0	
318	0:01:59	1/1/2019 	114305	911.00	16.00	16.90	25.48	102466.17	3793	0	
319	0:01:59	1/1/2019 	114606	109.00	9.00	6.84	25.48	102466.27	52482	0	
320	0:02:00	1/1/2019 	115605	909.00	16.00	16.90	25.48	102466.17	52484	0	
321	0:02:00	1/1/2019 	115678	923.00	17.00	17.23	25.48	102466.17	1848	0	
322	0:02:02	1/1/2019 	117188	949.00	17.00	17.22	25.49	102466.20	52482	0	
323	0:02:02	1/1/2019 	117705	936.00	17.00	17.22	25.49	102466.18	52485	0	
324	0:02:03	1/1/2019 	118409	849.00	16.00	16.97	25.50	102466.11	1848	0	
325	0:02:04	1/1/2019 	119166	896.00	16.00	16.92	25.50	102466.34	54427	1	
326	0:02:04	1/1/2019 	119829	243.00	11.00	10.22	25.50	102466.31	52489	0	
327	0:02:05	1/1/2019 	120643	897.00	17.00	17.26	25.50	102465.92	53430	0	
328	0:02:05	1/1/2019 	120649	162.00	10.00	8.36	25.50	102465.92	1850	1	
329	0:02:05	1/1/2019 	120811	350.00	12.00	11.83	25.50	102465.92	1849	0	
330	0:02:05	1/1/2019 	120950	289.00	11.00	10.99	25.50	102465.92	1848	0	
331	0:02:06	1/1/2019 	121153	596.00	15.00	14.89	25.51	102466.05	1849	0	
332	0:02:07	1/1/2019 	122760	782.00	16.00	17.02	25.51	102465.89	105208	0	
333	0:02:09	1/1/2019 	124260	620.00	18.00	15.84	25.52	102466.09	52487	0	
334	0:02:09	1/1/2019 	124366	666.00	15.00	16.26	25.52	102466.09	1849	0	
335	0:02:09	1/1/2019 	124564	400.00	13.00	12.40	25.52	102466.09	52486	0	
336	0:02:09	1/1/2019 	124702	519.00	14.00	13.54	25.52	102466.22	1849	0	
337	0:02:10	1/1/2019 	125385	425.00	13.00	12.62	25.53	102466.47	1848	0	
338	0:02:11	1/1/2019 	126215	729.00	16.00	17.00	25.53	102466.12	52487	0	
339	0:02:11	1/1/2019 	126641	957.00	15.00	16.52	25.53	102466.05	54432	1	
340	0:02:12	1/1/2019 	127162	950.00	16.00	16.88	25.53	102466.19	1850	1	
341	0:02:12	1/1/2019 	127212	913.00	16.00	16.90	25.53	102466.19	1848	0	
342	0:02:12	1/1/2019 	127395	733.00	16.00	17.01	25.53	102466.19	1846	0	
343	0:02:12	1/1/2019 	127456	833.00	16.00	16.99	25.53	102466.19	1847	0	
344	0:02:12	1/1/2019 	127631	85.00	9.00	6.24	25.54	102466.44	52481	0	
345	0:02:13	1/1/2019 	128392	61.00	8.00	5.90	25.54	102466.41	1847	0	
346	0:02:13	1/1/2019 	128823	933.00	17.00	17.22	25.54	102465.93	54429	0	
347	0:02:13	1/1/2019 	128961	357.00	12.00	11.91	25.54	102465.93	1848	0	
348	0:02:14	1/1/2019 	129089	769.00	16.00	17.02	25.54	102465.89	1847	0	
349	0:02:14	1/1/2019 	129414	848.00	16.00	16.98	25.54	102465.89	1848	0	
350	0:02:14	1/1/2019 	129593	902.00	16.00	16.91	25.54	102465.83	52484	0	
351	0:02:15	1/1/2019 	130097	562.00	14.00	14.13	25.55	102465.96	2787	0	
352	0:02:15	1/1/2019 	130351	417.00	12.00	12.50	25.55	102465.96	1850	0	
353	0:02:15	1/1/2019 	130782	955.00	16.00	16.88	25.55	102465.89	54567	0	
354	0:02:16	1/1/2019 	131228	81.00	9.00	6.16	25.55	102466.02	1846	0	
355	0:02:16	1/1/2019 	131341	445.00	13.00	12.79	25.55	102466.02	1848	0	
356	0:02:16	1/1/2019 	131756	199.00	10.00	9.30	25.55	102465.96	52484	0	
357	0:02:17	1/1/2019 	132028	346.00	12.00	11.79	25.55	102465.96	1847	0	
358	0:02:17	1/1/2019 	132741	576.00	14.00	14.38	25.56	102466.02	52484	0	
359	0:02:17	1/1/2019 	132923	625.00	15.00	15.51	25.56	102466.02	1848	0	
360	0:02:18	1/1/2019 	133349	827.00	16.00	16.99	25.56	102465.55	3793	0	
361	0:02:18	1/1/2019 	133486	160.00	10.00	8.31	25.56	102465.55	1847	0	
362	0:02:18	1/1/2019 	133971	345.00	12.00	11.78	25.56	102465.67	52485	0	
363	0:02:19	1/1/2019 	134715	74.00	8.00	6.03	25.57	102465.90	52484	0	
364	0:02:19	1/1/2019 	134749	85.00	8.00	6.24	25.57	102465.90	1846	0	
365	0:02:20	1/1/2019 	135334	121.00	9.00	7.18	25.57	102466.19	1844	0	
366	0:02:21	1/1/2019 	136636	69.00	9.00	5.97	25.58	102466.67	103119	0	
367	0:02:22	1/1/2019 	137126	187.00	10.00	9.01	25.58	102466.35	3848	0	
368	0:02:22	1/1/2019 	137376	120.00	9.00	7.15	25.58	102466.35	1849	0	
369	0:02:22	1/1/2019 	137389	83.00	8.00	6.19	25.58	102466.35	1847	0	
370	0:02:22	1/1/2019 	137789	323.00	12.00	11.50	25.58	102466.48	52480	0	
371	0:02:22	1/1/2019 	137909	748.00	16.00	17.02	25.58	102466.48	1849	0	
372	0:02:23	1/1/2019 	138639	131.00	9.00	7.47	25.58	102466.87	52486	0	
373	0:02:23	1/1/2019 	138695	548.00	14.00	13.92	25.58	102466.87	1848	0	
374	0:02:24	1/1/2019 	139773	949.00	16.00	16.88	25.59	102466.77	54432	1	
375	0:02:25	1/1/2019 	140075	800.00	16.00	17.01	25.59	102466.77	2789	0	
376	0:02:25	1/1/2019 	140460	66.00	8.00	5.93	25.59	102466.90	1847	0	
377	0:02:25	1/1/2019 	140726	956.00	16.00	16.88	25.59	102467.00	52484	0	
378	0:02:25	1/1/2019 	140785	954.00	15.00	16.52	25.59	102467.00	1847	1	
379	0:02:26	1/1/2019 	141230	609.00	15.00	15.16	25.60	102466.97	1849	0	
380	0:02:26	1/1/2019 	141587	957.00	16.00	16.88	25.60	102466.97	52484	0	
381	0:02:26	1/1/2019 	141868	235.00	11.00	10.07	25.60	102466.90	3929	0	
382	0:02:27	1/1/2019 	142701	736.00	16.00	17.01	25.60	102467.12	52487	0	
383	0:02:27	1/1/2019 	142797	957.00	16.00	16.88	25.60	102467.12	1857	0	
384	0:02:27	1/1/2019 	142829	458.00	13.00	12.90	25.60	102467.12	1855	0	
385	0:02:28	1/1/2019 	143048	924.00	17.00	17.23	25.60	102467.12	1855	0	
386	0:02:28	1/1/2019 	143423	568.00	14.00	14.24	25.61	102467.09	1854	0	
387	0:02:28	1/1/2019 	143820	886.00	16.00	16.93	25.61	102467.19	52483	0	
388	0:02:29	1/1/2019 	144274	570.00	11.00	13.91	25.61	102467.33	3792	0	
389	0:02:29	1/1/2019 	144731	377.00	12.00	12.13	25.61	102467.29	52484	0	
390	0:02:30	1/1/2019 	145086	108.00	9.00	6.81	25.61	102467.29	1847	0	
391	0:02:30	1/1/2019 	145153	165.00	10.00	8.44	25.62	102467.39	1849	0	
392	0:02:31	1/1/2019 	146117	826.00	16.00	16.99	25.62	102467.29	52487	0	
393	0:02:31	1/1/2019 	146273	960.00	16.00	16.88	25.62	102467.29	1848	0	
394	0:02:31	1/1/2019 	146403	431.00	13.00	12.67	25.62	102467.29	1847	0	
395	0:02:31	1/1/2019 	146821	667.00	15.00	16.28	25.62	102467.26	54429	0	
396	0:02:31	1/1/2019 	146994	89.00	9.00	6.32	25.62	102467.26	1848	0	
397	0:02:32	1/1/2019 	147563	68.00	9.00	5.95	25.63	102467.36	52484	0	
398	0:02:32	1/1/2019 	147995	957.00	17.00	17.22	25.63	102467.48	1849	0	
399	0:02:33	1/1/2019 	148013	355.00	12.00	11.89	25.63	102467.48	1849	0	
400	0:02:33	1/1/2019 	148136	221.00	10.00	9.78	25.63	102467.16	1848	0	
401	0:02:33	1/1/2019 	148273	865.00	16.00	16.96	25.63	102467.16	1848	0	
402	0:02:33	1/1/2019 	148407	786.00	14.00	16.31	25.63	102467.16	3792	0	
403	0:02:33	1/1/2019 	148674	955.00	16.00	16.88	25.63	102466.94	52485	0	
404	0:02:33	1/1/2019 	148853	423.00	13.00	12.61	25.63	102466.94	1846	0	
405	0:02:34	1/1/2019 	149089	678.00	16.00	16.66	25.63	102466.94	1848	0	
406	0:02:35	1/1/2019 	150041	925.00	16.00	16.89	25.64	102467.45	52484	1	
407	0:02:36	1/1/2019 	151289	223.00	10.00	9.82	25.64	102467.48	53424	0	
408	0:02:36	1/1/2019 	151343	789.00	16.00	17.01	25.64	102467.48	1849	0	
409	0:02:36	1/1/2019 	151717	404.00	13.00	12.44	25.65	102467.59	54563	0	
410	0:02:36	1/1/2019 	151746	958.00	16.00	16.88	25.65	102467.59	1848	0	
411	0:02:36	1/1/2019 	151765	60.00	9.00	5.89	25.65	102467.59	1846	0	
412	0:02:36	1/1/2019 	151945	519.00	13.00	13.46	25.65	102467.59	1847	0	
413	0:02:37	1/1/2019 	152245	345.00	12.00	11.78	25.65	102467.55	1848	0	
414	0:02:37	1/1/2019 	152312	524.00	14.00	13.60	25.65	102467.55	1849	0	
415	0:02:37	1/1/2019 	152341	798.00	16.00	17.01	25.65	102467.55	1848	0	
416	0:02:37	1/1/2019 	152653	536.00	14.00	13.75	25.65	102467.65	54426	0	
417	0:02:38	1/1/2019 	153453	952.00	16.00	16.88	25.65	102467.62	1849	0	
418	0:02:39	1/1/2019 	154415	748.00	16.00	17.02	25.66	102467.52	52483	0	
419	0:02:39	1/1/2019 	154644	96.00	9.00	6.49	25.66	102467.49	52483	0	
420	0:02:40	1/1/2019 	155274	313.00	11.00	11.33	25.66	102467.42	1848	0	
421	0:02:40	1/1/2019 	155298	108.00	9.00	6.81	25.66	102467.42	1849	0	
422	0:02:40	1/1/2019 	155468	544.00	14.00	13.86	25.66	102467.42	1848	0	
423	0:02:41	1/1/2019 	156037	149.00	9.00	7.99	25.66	102467.11	54429	0	
424	0:02:41	1/1/2019 	156737	964.00	17.00	17.22	25.67	102467.17	52485	0	
425	0:02:42	1/1/2019 	157424	740.00	16.00	17.02	25.67	102467.30	1849	0	
426	0:02:42	1/1/2019 	157749	98.00	8.00	6.54	25.67	102467.39	52484	0	
427	0:02:43	1/1/2019 	158176	760.00	16.00	17.02	25.68	102467.52	1845	0	
428	0:02:43	1/1/2019 	158316	957.00	14.00	16.14	25.68	102467.52	1847	0	
429	0:02:43	1/1/2019 	158631	179.00	9.00	8.80	25.68	102467.46	52485	0	
430	0:02:43	1/1/2019 	158749	955.00	16.00	16.88	25.68	102467.46	3793	0	
431	0:02:44	1/1/2019 	159489	118.00	9.00	7.09	25.68	102467.59	1845	0	
432	0:02:44	1/1/2019 	159580	134.00	9.00	7.56	25.68	102467.59	52487	0	
433	0:02:45	1/1/2019 	160109	72.00	9.00	6.01	25.69	102467.66	2787	0	
434	0:02:45	1/1/2019 	160809	674.00	16.00	16.61	25.69	102467.33	52486	0	
435	0:02:46	1/1/2019 	161378	195.00	10.00	9.20	25.69	102467.47	1847	0	
436	0:02:46	1/1/2019 	161453	171.00	9.00	8.60	25.69	102467.47	1848	0	
437	0:02:47	1/1/2019 	162317	760.00	15.00	16.69	25.69	102467.53	52483	0	
438	0:02:48	1/1/2019 	163046	914.00	17.00	17.24	25.70	102467.46	54569	0	
439	0:02:48	1/1/2019 	163222	76.00	9.00	6.07	25.70	102467.44	1849	0	
440	0:02:48	1/1/2019 	163833	128.00	9.00	7.39	25.70	102467.52	52485	0	
441	0:02:49	1/1/2019 	164755	742.00	16.00	17.02	25.70	102467.50	52483	0	
442	0:02:49	1/1/2019 	164892	569.00	14.00	14.25	25.70	102467.50	1848	0	
443	0:02:50	1/1/2019 	165701	667.00	15.00	16.28	25.71	102467.72	52485	0	
444	0:02:51	1/1/2019 	166270	165.00	10.00	8.44	25.71	102467.85	1848	0	
445	0:02:51	1/1/2019 	166278	394.00	12.00	12.30	25.71	102467.85	3794	0	
446	0:02:51	1/1/2019 	166985	761.00	16.00	17.02	25.71	102467.95	52485	0	
447	0:02:52	1/1/2019 	167052	92.00	9.00	6.39	25.71	102467.95	1847	0	
448	0:02:52	1/1/2019 	167767	961.00	16.00	16.88	25.72	102467.91	52485	0	
449	0:02:53	1/1/2019 	168001	171.00	10.00	8.60	25.72	102467.91	1846	0	
450	0:02:53	1/1/2019 	168421	954.00	17.00	17.22	25.72	102467.85	1850	0	
451	0:02:54	1/1/2019 	169085	593.00	14.00	14.70	25.72	102468.14	52485	0	
452	0:02:54	1/1/2019 	169139	698.00	16.00	16.86	25.72	102468.23	3767	0	
453	0:02:54	1/1/2019 	169653	322.00	12.00	11.49	25.73	102468.37	52484	0	
454	0:02:54	1/1/2019 	169677	753.00	16.00	17.02	25.73	102468.37	2592	0	
455	0:02:54	1/1/2019 	169812	684.00	15.00	16.48	25.73	102468.37	1847	0	
456	0:02:56	1/1/2019 	171719	570.00	15.00	14.37	25.73	102468.08	103127	0	
457	0:02:57	1/1/2019 	172338	530.00	14.00	13.67	25.74	102468.02	1850	0	
458	0:02:57	1/1/2019 	172485	872.00	16.00	16.95	25.74	102468.02	1850	0	
459	0:02:58	1/1/2019 	173305	251.00	10.00	10.35	25.74	102468.08	55749	0	
460	0:02:58	1/1/2019 	173557	937.00	16.00	16.88	25.74	102468.08	52489	0	
461	0:02:58	1/1/2019 	173748	957.00	16.00	16.88	25.74	102468.21	1845	1	
462	0:02:58	1/1/2019 	173750	109.00	9.00	6.84	25.74	102468.21	1846	0	
463	0:02:59	1/1/2019 	174398	945.00	16.00	16.88	25.75	102468.14	1848	0	
464	0:02:59	1/1/2019 	174726	636.00	15.00	15.74	25.75	102468.27	52482	0	
465	0:02:59	1/1/2019 	174755	518.00	14.00	13.53	25.75	102468.27	1849	0	
466	0:02:59	1/1/2019 	174820	631.00	12.00	15.06	25.75	102468.27	3794	0	
467	0:02:59	1/1/2019 	174946	353.00	12.00	11.87	25.75	102468.27	1847	0	
468	0:03:00	1/1/2019 	175306	169.00	9.00	8.54	25.75	102468.05	1846	0	
469	0:03:00	1/1/2019 	175457	174.00	9.00	8.68	25.75	102468.05	1848	0	
470	0:03:00	1/1/2019 	175693	729.00	15.00	16.69	25.75	102468.02	52485	0	
471	0:03:00	1/1/2019 	175745	955.00	16.00	16.88	25.75	102468.02	1848	0	
472	0:03:01	1/1/2019 	176319	955.00	16.00	16.88	25.75	102467.79	1846	0	
473	0:03:01	1/1/2019 	176498	687.00	15.00	16.50	25.75	102467.79	3793	0	
474	0:03:01	1/1/2019 	176587	340.00	11.00	11.68	25.75	102467.79	52484	0	
475	0:03:02	1/1/2019 	177301	182.00	10.00	8.89	25.76	102467.57	1848	0	
476	0:03:02	1/1/2019 	177406	355.00	12.00	11.89	25.76	102467.57	1850	0	
477	0:03:03	1/1/2019 	178239	162.00	10.00	8.36	25.76	102467.02	52485	0	
478	0:03:03	1/1/2019 	178677	165.00	10.00	8.44	25.76	102466.98	52488	0	
479	0:03:04	1/1/2019 	179908	444.00	13.00	12.78	25.77	102467.22	52486	0	
480	0:03:05	1/1/2019 	180022	208.00	10.00	9.50	25.77	102467.22	4705	0	
481	0:03:05	1/1/2019 	180113	596.00	14.00	14.75	25.77	102467.22	1850	0	
482	0:03:05	1/1/2019 	180237	606.00	15.00	15.10	25.77	102467.15	1848	0	
483	0:03:05	1/1/2019 	180365	927.00	16.00	16.89	25.77	102467.15	1848	0	
484	0:03:05	1/1/2019 	180798	939.00	16.00	16.88	25.77	102467.28	52486	1	
485	0:03:05	1/1/2019 	180867	231.00	7.00	9.93	25.77	102467.28	1848	0	
486	0:03:05	1/1/2019 	180879	91.00	9.00	6.37	25.77	102467.28	1848	0	
487	0:03:05	1/1/2019 	180916	748.00	16.00	17.02	25.77	102467.28	3793	0	
488	0:03:05	1/1/2019 	180923	156.00	9.00	8.19	25.77	102467.28	1848	0	
489	0:03:06	1/1/2019 	181244	462.00	13.00	12.93	25.77	102466.80	1848	0	
490	0:03:06	1/1/2019 	181273	854.00	16.00	16.97	25.77	102466.80	1849	0	
491	0:03:06	1/1/2019 	181384	360.00	12.00	11.95	25.77	102466.80	1847	0	
492	0:03:07	1/1/2019 	182094	118.00	9.00	7.09	25.78	102466.73	52485	0	
493	0:03:07	1/1/2019 	182198	113.00	9.00	6.95	25.78	102467.02	1849	0	
494	0:03:08	1/1/2019 	183060	122.00	9.00	7.21	25.78	102467.15	54431	0	
495	0:03:08	1/1/2019 	183113	255.00	10.00	10.42	25.78	102467.15	1849	0	
496	0:03:08	1/1/2019 	183707	951.00	16.00	16.88	25.79	102467.06	52485	0	
497	0:03:08	1/1/2019 	183966	897.00	16.00	16.92	25.79	102467.06	1847	0	
498	0:03:10	1/1/2019 	185801	60.00	8.00	5.89	25.79	102466.25	103121	0	
499	0:03:10	1/1/2019 	185863	611.00	15.00	15.21	25.79	102466.25	1847	0	
500	0:03:11	1/1/2019 	186386	165.00	9.00	8.44	25.80	102466.22	1847	0	
501	0:03:11	1/1/2019 	186749	422.00	13.00	12.60	25.80	102466.31	54430	0	
502	0:03:11	1/1/2019 	186800	65.00	8.00	5.92	25.80	102466.31	1847	0	
503	0:03:11	1/1/2019 	186831	188.00	8.00	9.02	25.80	102466.31	1845	0	
504	0:03:12	1/1/2019 	187116	750.00	16.00	17.02	25.80	102466.31	1845	0	
505	0:03:12	1/1/2019 	187560	740.00	16.00	17.02	25.80	102466.28	52483	0	
506	0:03:13	1/1/2019 	188169	361.00	12.00	11.96	25.80	102465.73	1847	0	
507	0:03:13	1/1/2019 	188387	139.00	9.00	7.71	25.80	102465.73	1848	0	
508	0:03:14	1/1/2019 	189171	140.00	9.00	7.74	25.81	102465.67	54429	0	
509	0:03:14	1/1/2019 	189356	117.00	9.00	7.07	25.81	102465.67	1848	0	
510	0:03:14	1/1/2019 	189777	773.00	16.00	17.02	25.81	102465.93	52485	0	
511	0:03:15	1/1/2019 	190033	896.00	16.00	16.92	25.81	102465.93	2593	1	
512	0:03:15	1/1/2019 	190331	92.00	9.00	6.39	25.81	102465.90	1848	0	
513	0:03:16	1/1/2019 	191081	138.00	9.00	7.68	25.82	102465.99	52483	0	
514	0:03:16	1/1/2019 	191117	799.00	16.00	17.01	25.82	102465.99	1848	0	
515	0:03:16	1/1/2019 	191323	441.00	16.00	12.92	25.82	102465.67	3929	0	
516	0:03:16	1/1/2019 	191895	147.00	9.00	7.94	25.82	102465.80	52482	0	
517	0:03:17	1/1/2019 	192102	64.00	8.00	5.92	25.82	102465.80	1847	0	
518	0:03:17	1/1/2019 	192474	121.00	9.00	7.18	25.82	102465.73	1845	0	
519	0:03:17	1/1/2019 	192750	94.00	9.00	6.44	25.82	102465.87	52484	0	
520	0:03:18	1/1/2019 	193967	486.00	14.00	13.20	25.83	102465.94	52483	0	
521	0:03:19	1/1/2019 	194664	521.00	14.00	13.56	25.83	102465.58	52484	0	
522	0:03:19	1/1/2019 	194682	162.00	10.00	8.36	25.83	102465.58	3848	0	
523	0:03:20	1/1/2019 	195066	565.00	14.00	14.18	25.83	102465.58	1848	0	
524	0:03:20	1/1/2019 	195137	87.00	9.00	6.28	25.83	102465.67	1849	0	
525	0:03:20	1/1/2019 	195693	933.00	16.00	16.88	25.84	102465.80	52483	1	
526	0:03:20	1/1/2019 	195907	713.00	16.00	16.95	25.84	102465.80	1846	0	
527	0:03:20	1/1/2019 	195973	953.00	17.00	17.22	25.84	102465.80	1847	0	
528	0:03:20	1/1/2019 	195976	692.00	15.00	16.54	25.84	102465.80	1849	0	
529	0:03:21	1/1/2019 	196310	948.00	16.00	16.88	25.84	102465.73	3794	0	
530	0:03:21	1/1/2019 	196609	367.00	12.00	12.02	25.84	102465.73	52486	0	
531	0:03:21	1/1/2019 	196988	75.00	12.00	6.05	25.84	102465.87	1847	0	
532	0:03:22	1/1/2019 	197396	215.00	10.00	9.65	25.84	102466.12	1849	0	
533	0:03:22	1/1/2019 	197589	182.00	10.00	8.89	25.84	102466.12	52491	0	
534	0:03:22	1/1/2019 	197775	517.00	12.00	13.35	25.85	102466.09	1854	0	
535	0:03:22	1/1/2019 	197857	65.00	8.00	5.92	25.85	102466.09	1847	0	
536	0:03:23	1/1/2019 	198224	102.00	9.00	6.65	25.85	102465.77	3791	0	
537	0:03:24	1/1/2019 	199004	939.00	16.00	16.88	25.85	102465.70	52486	0	
538	0:03:24	1/1/2019 	199261	113.00	9.00	6.95	25.85	102465.84	1848	0	
539	0:03:24	1/1/2019 	199293	630.00	15.00	15.61	25.85	102465.84	1848	0	
540	0:03:24	1/1/2019 	199933	611.00	14.00	15.06	25.85	102465.77	52487	0	
541	0:03:25	1/1/2019 	200301	954.00	14.00	16.14	25.86	102465.73	2593	0	
542	0:03:25	1/1/2019 	200396	912.00	16.00	16.90	25.86	102465.73	1850	0	
543	0:03:25	1/1/2019 	200466	136.00	9.00	7.62	25.86	102465.73	3927	0	
544	0:03:25	1/1/2019 	200556	644.00	15.00	15.89	25.86	102465.73	52486	0	
545	0:03:25	1/1/2019 	200918	956.00	16.00	16.88	25.86	102465.42	1849	1	
546	0:03:26	1/1/2019 	201358	248.00	10.00	10.30	25.86	102465.39	1848	0	
547	0:03:27	1/1/2019 	202151	139.00	9.00	7.71	25.86	102465.30	52485	0	
548	0:03:27	1/1/2019 	202590	607.00	15.00	15.12	25.86	102465.30	52484	0	
549	0:03:27	1/1/2019 	202825	387.00	12.00	12.23	25.87	102465.38	1849	0	
550	0:03:28	1/1/2019 	203012	932.00	16.00	16.88	25.87	102465.38	3792	0	
551	0:03:28	1/1/2019 	203555	559.00	14.00	14.09	25.87	102465.36	52485	0	
552	0:03:28	1/1/2019 	203740	816.00	16.00	17.00	25.87	102465.45	1848	0	
553	0:03:29	1/1/2019 	204483	433.00	13.00	12.69	25.87	102465.58	1846	0	
554	0:03:30	1/1/2019 	205066	494.00	14.00	13.28	25.87	102465.26	52486	0	
555	0:03:30	1/1/2019 	205169	71.00	8.00	5.99	25.88	102465.36	1849	0	
556	0:03:30	1/1/2019 	205222	178.00	10.00	8.79	25.88	102465.36	1846	0	
557	0:03:30	1/1/2019 	205989	64.00	8.00	5.92	25.88	102465.33	54431	0	
558	0:03:31	1/1/2019 	206460	954.00	16.00	16.88	25.88	102465.30	1844	0	
559	0:03:31	1/1/2019 	206468	252.00	10.00	10.37	25.88	102465.30	1848	0	
560	0:03:31	1/1/2019 	206490	72.00	8.00	6.00	25.88	102465.30	1847	0	
561	0:03:31	1/1/2019 	206606	255.00	10.00	10.42	25.88	102465.30	52482	0	
562	0:03:32	1/1/2019 	207726	898.00	16.00	16.92	25.88	102465.03	52484	0	
563	0:03:33	1/1/2019 	208900	864.00	16.00	16.96	25.89	102465.26	52484	0	
564	0:03:34	1/1/2019 	209131	805.00	16.00	17.00	25.89	102465.26	3792	0	
565	0:03:34	1/1/2019 	209574	598.00	15.00	14.93	25.89	102464.77	52487	0	
566	0:03:34	1/1/2019 	209830	63.00	8.00	5.91	25.89	102464.71	2593	0	
567	0:03:35	1/1/2019 	210397	378.00	12.00	12.14	25.89	102464.69	1845	0	
568	0:03:35	1/1/2019 	210738	333.00	12.00	11.63	25.90	102464.61	52486	0	
569	0:03:35	1/1/2019 	210766	342.00	12.00	11.74	25.90	102464.61	1847	0	
570	0:03:35	1/1/2019 	210862	694.00	16.00	16.83	25.90	102464.61	1847	0	
571	0:03:37	1/1/2019 	212995	148.00	9.00	7.97	25.90	102464.17	105201	0	
572	0:03:39	1/1/2019 	214268	173.00	9.00	8.65	25.91	102464.84	52485	0	
573	0:03:39	1/1/2019 	214579	570.00	14.00	14.27	25.91	102464.84	52486	0	
574	0:03:40	1/1/2019 	215459	952.00	17.00	17.22	25.92	102464.91	1848	1	
575	0:03:40	1/1/2019 	215858	620.00	15.00	15.40	25.92	102465.00	52487	0	
576	0:03:41	1/1/2019 	216556	133.00	9.00	7.53	25.92	102465.12	52486	0	
577	0:03:41	1/1/2019 	216927	647.00	15.00	15.95	25.92	102465.39	1853	0	
578	0:03:42	1/1/2019 	217189	869.00	14.00	16.23	25.93	102465.36	3793	0	
579	0:03:42	1/1/2019 	217603	956.00	16.00	16.88	25.93	102465.36	52485	0	
580	0:03:42	1/1/2019 	217942	109.00	9.00	6.84	25.93	102465.20	1846	0	
581	0:03:43	1/1/2019 	218000	878.00	14.00	16.21	25.93	102465.20	1848	0	
582	0:03:43	1/1/2019 	218440	99.00	8.00	6.57	25.93	102465.17	1849	0	
583	0:03:43	1/1/2019 	218461	958.00	16.00	16.88	25.93	102465.17	1846	0	
584	0:03:43	1/1/2019 	218556	81.00	9.00	6.16	25.93	102465.17	52483	0	
585	0:03:43	1/1/2019 	218586	127.00	9.00	7.36	25.93	102465.17	1847	0	
586	0:03:43	1/1/2019 	218630	172.00	9.00	8.62	25.93	102465.17	3792	0	
587	0:03:43	1/1/2019 	218791	401.00	12.00	12.36	25.93	102465.26	1847	0	
588	0:03:44	1/1/2019 	219016	913.00	16.00	16.90	25.93	102465.26	1847	0	
589	0:03:44	1/1/2019 	219268	629.00	15.00	15.59	25.93	102465.23	1848	0	
590	0:03:44	1/1/2019 	219755	126.00	9.00	7.33	25.94	102465.16	52485	0	
591	0:03:45	1/1/2019 	220652	642.00	15.00	15.85	25.94	102465.30	53231	0	
592	0:03:45	1/1/2019 	220971	124.00	9.00	7.27	25.94	102465.23	1849	0	
593	0:03:46	1/1/2019 	221927	829.00	16.00	16.99	25.94	102465.20	54566	0	
594	0:03:46	1/1/2019 	221959	919.00	16.00	16.89	25.94	102465.20	1847	0	
595	0:03:47	1/1/2019 	222138	916.00	16.00	16.89	25.94	102465.20	1847	0	
596	0:03:47	1/1/2019 	222788	147.00	9.00	7.94	25.95	102465.09	52484	0	
597	0:03:47	1/1/2019 	222810	770.00	16.00	17.02	25.95	102465.09	1849	0	
598	0:03:47	1/1/2019 	222912	957.00	16.00	16.88	25.95	102465.09	1846	0	
599	0:03:48	1/1/2019 	223234	768.00	15.00	16.69	25.95	102465.07	1846	0	
600	0:03:49	1/1/2019 	224032	923.00	16.00	16.89	25.95	102465.16	54431	0	
601	0:03:49	1/1/2019 	224077	162.00	9.00	8.36	25.95	102465.16	1847	0	
602	0:03:49	1/1/2019 	224088	642.00	15.00	15.85	25.95	102465.16	1849	0	
603	0:03:49	1/1/2019 	224959	956.00	16.00	16.88	25.96	102465.06	52485	1	
604	0:03:50	1/1/2019 	225324	952.00	16.00	16.88	25.96	102465.04	1847	0	
605	0:03:50	1/1/2019 	225493	912.00	16.00	16.90	25.96	102465.04	1847	0	
606	0:03:50	1/1/2019 	225791	956.00	16.00	16.88	25.96	102465.12	52486	0	
607	0:03:51	1/1/2019 	226265	753.00	16.00	17.02	25.96	102464.81	3851	0	
608	0:03:51	1/1/2019 	226330	641.00	15.00	15.83	25.96	102464.81	1847	0	
609	0:03:51	1/1/2019 	226883	85.00	9.00	6.24	25.97	102464.94	52486	0	
610	0:03:52	1/1/2019 	227840	578.00	14.00	14.41	25.97	102465.17	52483	0	
611	0:03:52	1/1/2019 	227990	89.00	9.00	6.32	25.97	102465.17	1849	0	
612	0:03:55	1/1/2019 	230297	284.00	11.00	10.92	25.98	102464.81	103122	0	
613	0:03:55	1/1/2019 	230426	531.00	14.00	13.68	25.98	102464.81	2596	0	
614	0:03:55	1/1/2019 	230551	914.00	16.00	16.90	25.98	102464.81	54567	0	
615	0:03:55	1/1/2019 	230781	612.00	15.00	15.23	25.98	102464.94	1846	0	
616	0:03:55	1/1/2019 	230791	934.00	16.00	16.88	25.98	102464.94	1849	0	
617	0:03:55	1/1/2019 	230983	891.00	16.00	16.93	25.98	102464.94	1846	0	
618	0:03:56	1/1/2019 	231094	805.00	13.00	15.91	25.98	102464.94	1846	0	
619	0:03:57	1/1/2019 	232168	89.00	9.00	6.32	25.99	102465.42	52484	0	
620	0:03:57	1/1/2019 	232211	131.00	9.00	7.47	25.99	102465.42	1848	0	
621	0:03:58	1/1/2019 	233007	116.00	9.00	7.04	25.99	102464.94	54430	0	
622	0:03:58	1/1/2019 	233683	768.00	16.00	17.02	26.00	102465.16	52485	0	
623	0:03:59	1/1/2019 	234906	730.00	16.00	17.00	26.00	102465.42	52480	0	
624	0:04:00	1/1/2019 	235223	802.00	12.00	15.50	26.00	102465.52	1847	0	
625	0:04:00	1/1/2019 	235286	644.00	15.00	15.89	26.00	102465.52	1848	0	
626	0:04:00	1/1/2019 	235341	95.00	9.00	6.47	26.00	102465.52	1848	0	
627	0:04:00	1/1/2019 	235452	926.00	16.00	16.89	26.00	102465.52	1847	0	
628	0:04:00	1/1/2019 	235818	576.00	14.00	14.38	26.00	102465.20	54428	0	
629	0:04:00	1/1/2019 	235923	958.00	16.00	16.88	26.00	102465.20	1849	1	
630	0:04:00	1/1/2019 	235997	894.00	17.00	17.26	26.00	102465.20	1847	0	
631	0:04:01	1/1/2019 	236697	864.00	16.00	16.96	26.01	102465.26	52484	0	
632	0:04:01	1/1/2019 	236770	703.00	15.00	16.61	26.01	102465.26	1848	0	
633	0:04:02	1/1/2019 	237148	119.00	9.00	7.12	26.01	102465.26	1849	0	
634	0:04:02	1/1/2019 	237213	956.00	16.00	16.88	26.01	102465.39	1850	1	
635	0:04:02	1/1/2019 	237259	77.00	8.00	6.08	26.01	102465.39	3792	0	
636	0:04:02	1/1/2019 	237293	75.00	8.00	6.05	26.01	102465.39	1845	0	
637	0:04:03	1/1/2019 	238913	908.00	16.00	16.90	26.01	102464.97	103118	0	
638	0:04:04	1/1/2019 	239020	952.00	16.00	16.88	26.01	102464.97	1847	0	
639	0:04:04	1/1/2019 	239125	824.00	16.00	16.99	26.01	102464.97	1848	0	
640	0:04:04	1/1/2019 	239378	935.00	16.00	16.88	26.02	102465.23	1847	0	
641	0:04:06	1/1/2019 	241288	949.00	16.00	16.88	26.02	102465.26	103119	0	
642	0:04:06	1/1/2019 	241616	464.00	12.00	12.88	26.02	102465.26	55372	0	
643	0:04:06	1/1/2019 	241991	921.00	16.00	16.89	26.03	102465.39	1848	0	
644	0:04:07	1/1/2019 	242250	952.00	16.00	16.88	26.03	102465.07	1848	1	
645	0:04:07	1/1/2019 	242577	559.00	14.00	14.09	26.03	102465.07	52481	0	
646	0:04:07	1/1/2019 	242617	777.00	16.00	17.02	26.03	102465.07	1849	0	
647	0:04:07	1/1/2019 	242664	376.00	12.00	12.12	26.03	102465.07	1847	0	
648	0:04:08	1/1/2019 	243188	652.00	15.00	16.04	26.03	102465.12	1850	0	
649	0:04:08	1/1/2019 	243281	721.00	15.00	16.68	26.03	102465.12	3802	0	
650	0:04:08	1/1/2019 	243345	955.00	16.00	16.88	26.03	102465.12	1856	0	
651	0:04:08	1/1/2019 	243403	707.00	16.00	16.92	26.03	102465.12	1854	0	
652	0:04:08	1/1/2019 	243624	520.00	13.00	13.47	26.03	102465.12	52489	0	
653	0:04:08	1/1/2019 	243788	955.00	16.00	16.88	26.03	102465.23	1854	1	
654	0:04:09	1/1/2019 	244569	133.00	9.00	7.53	26.04	102465.23	52480	0	
655	0:04:10	1/1/2019 	245491	668.00	15.00	16.29	26.04	102465.45	1849	0	
656	0:04:10	1/1/2019 	245553	958.00	16.00	16.88	26.04	102465.45	54430	0	
657	0:04:10	1/1/2019 	245706	534.00	14.00	13.72	26.04	102465.13	1846	0	
658	0:04:10	1/1/2019 	245839	122.00	9.00	7.21	26.04	102465.13	1848	0	
659	0:04:10	1/1/2019 	245948	929.00	16.00	16.89	26.04	102465.13	1849	0	
660	0:04:11	1/1/2019 	246783	663.00	15.00	16.22	26.05	102465.36	52483	0	
661	0:04:12	1/1/2019 	247015	427.00	13.00	12.64	26.05	102465.36	1850	0	
662	0:04:12	1/1/2019 	247623	561.00	14.00	14.12	26.05	102465.48	52484	0	
663	0:04:12	1/1/2019 	247751	586.00	15.00	14.68	26.05	102465.58	3792	0	
664	0:04:13	1/1/2019 	248007	708.00	15.00	16.64	26.05	102465.58	1849	0	
665	0:04:13	1/1/2019 	248067	180.00	10.00	8.84	26.05	102465.58	1850	0	
666	0:04:13	1/1/2019 	248206	268.00	13.00	10.70	26.05	102465.72	1848	0	
667	0:04:14	1/1/2019 	249105	192.00	10.00	9.13	26.05	102465.39	52485	0	
668	0:04:14	1/1/2019 	249970	860.00	16.00	16.96	26.06	102465.77	52486	0	
669	0:04:16	1/1/2019 	250999	97.00	9.00	6.52	26.06	102466.00	53227	0	
670	0:04:16	1/1/2019 	251643	953.00	16.00	16.88	26.07	102465.94	54566	0	
671	0:04:16	1/1/2019 	251770	591.00	14.00	14.66	26.07	102466.23	1845	0	
672	0:04:16	1/1/2019 	251990	64.00	8.00	5.92	26.07	102466.23	1847	0	
673	0:04:17	1/1/2019 	252720	921.00	16.00	16.89	26.07	102466.03	52479	0	
674	0:04:17	1/1/2019 	252816	545.00	14.00	13.87	26.07	102466.03	1848	0	
675	0:04:18	1/1/2019 	253371	451.00	13.00	12.84	26.07	102465.97	1848	0	
676	0:04:19	1/1/2019 	254321	672.00	15.00	16.34	26.08	102466.36	52485	0	
677	0:04:19	1/1/2019 	254417	148.00	9.00	7.97	26.08	102466.36	3795	0	
678	0:04:20	1/1/2019 	255668	602.00	15.00	15.01	26.08	102466.58	103119	0	
679	0:04:21	1/1/2019 	256405	105.00	9.00	6.73	26.09	102466.71	1850	0	
680	0:04:22	1/1/2019 	257485	235.00	10.00	10.06	26.09	102467.09	52485	0	
681	0:04:22	1/1/2019 	257722	136.00	9.00	7.62	26.09	102467.19	52482	0	
682	0:04:23	1/1/2019 	258344	185.00	9.00	8.95	26.09	102466.87	1848	0	
683	0:04:23	1/1/2019 	258782	75.00	8.00	6.05	26.10	102467.00	52482	0	
684	0:04:24	1/1/2019 	259464	755.00	16.00	17.02	26.10	102467.12	3792	0	
685	0:04:24	1/1/2019 	259910	110.00	9.00	6.87	26.10	102467.22	52487	0	
686	0:04:25	1/1/2019 	260464	945.00	16.00	16.88	26.10	102467.35	2788	0	
687	0:04:25	1/1/2019 	260728	625.00	15.00	15.51	26.11	102467.45	52482	0	
688	0:04:26	1/1/2019 	261183	113.00	9.00	6.95	26.11	102467.45	1848	0	
689	0:04:26	1/1/2019 	261230	419.00	12.00	12.52	26.11	102467.28	1848	0	
690	0:04:26	1/1/2019 	261483	77.00	9.00	6.08	26.11	102467.28	1847	0	
691	0:04:26	1/1/2019 	261496	143.00	9.00	7.82	26.11	102467.28	3929	0	
692	0:04:26	1/1/2019 	261996	959.00	16.00	16.88	26.11	102467.58	52483	0	
693	0:04:27	1/1/2019 	262000	881.00	16.00	16.94	26.11	102467.58	1847	0	
694	0:04:27	1/1/2019 	262040	692.00	15.00	16.54	26.11	102467.58	1848	0	
695	0:04:27	1/1/2019 	262608	566.00	14.00	14.20	26.11	102467.52	52486	0	
696	0:04:27	1/1/2019 	262664	81.00	8.00	6.15	26.11	102467.52	1847	0	
697	0:04:27	1/1/2019 	262696	93.00	8.00	6.42	26.11	102467.64	1844	0	
698	0:04:27	1/1/2019 	262908	103.00	9.00	6.67	26.11	102467.64	3791	0	
699	0:04:28	1/1/2019 	263053	203.00	10.00	9.39	26.11	102467.64	1847	0	
700	0:04:29	1/1/2019 	264450	402.00	12.00	12.37	26.12	102467.55	52484	0	
701	0:04:29	1/1/2019 	264773	113.00	9.00	6.95	26.12	102467.52	52486	0	
702	0:04:30	1/1/2019 	265065	101.00	9.00	6.62	26.12	102467.52	1848	0	
703	0:04:30	1/1/2019 	265098	71.00	8.00	5.99	26.12	102467.52	1848	0	
704	0:04:30	1/1/2019 	265444	957.00	16.00	16.88	26.12	102467.61	1845	0	
705	0:04:30	1/1/2019 	265477	673.00	15.00	16.35	26.12	102467.61	3791	0	
706	0:04:30	1/1/2019 	265481	673.00	15.00	16.35	26.12	102467.61	1850	0	
707	0:04:30	1/1/2019 	265753	98.00	9.00	6.54	26.13	102467.73	52486	0	
708	0:04:30	1/1/2019 	265786	100.00	9.00	6.60	26.13	102467.73	1848	0	
709	0:04:31	1/1/2019 	266891	328.00	12.00	11.56	26.13	102467.51	52484	0	
710	0:04:32	1/1/2019 	267498	395.00	12.00	12.31	26.13	102467.48	1849	0	
711	0:04:32	1/1/2019 	267910	766.00	16.00	17.02	26.13	102467.73	52482	0	
712	0:04:33	1/1/2019 	268656	544.00	14.00	13.86	26.14	102467.70	54428	0	
713	0:04:34	1/1/2019 	269816	144.00	9.00	7.85	26.14	102467.45	52490	0	
714	0:04:35	1/1/2019 	270230	120.00	9.00	7.15	26.14	102467.54	2789	0	
715	0:04:35	1/1/2019 	270350	587.00	14.00	14.58	26.14	102467.54	1849	0	
716	0:04:35	1/1/2019 	270736	198.00	10.00	9.27	26.14	102467.67	52485	0	
717	0:04:35	1/1/2019 	270740	956.00	16.00	16.88	26.14	102467.67	1849	0	
718	0:04:35	1/1/2019 	270756	127.00	9.00	7.36	26.14	102467.67	1845	0	
719	0:04:36	1/1/2019 	271339	142.00	9.00	7.79	26.14	102467.34	3928	0	
720	0:04:36	1/1/2019 	271845	625.00	15.00	15.51	26.15	102467.32	52488	0	
721	0:04:37	1/1/2019 	272013	70.00	8.00	5.98	26.15	102467.32	1847	0	
722	0:04:37	1/1/2019 	272057	136.00	9.00	7.62	26.15	102467.32	1847	0	
723	0:04:37	1/1/2019 	272563	417.00	12.00	12.50	26.15	102467.58	52486	0	
724	0:04:38	1/1/2019 	273449	540.00	14.00	13.80	26.15	102467.54	1848	0	
725	0:04:38	1/1/2019 	273829	435.00	13.00	12.71	26.15	102467.80	52488	0	
726	0:04:39	1/1/2019 	274222	203.00	10.00	9.39	26.16	102468.09	3846	0	
727	0:04:39	1/1/2019 	274617	542.00	13.00	13.74	26.16	102468.09	52486	0	
728	0:04:40	1/1/2019 	275858	757.00	16.00	17.02	26.16	102467.99	52484	0	
729	0:04:41	1/1/2019 	276468	154.00	9.00	8.13	26.16	102468.09	1848	0	
730	0:04:42	1/1/2019 	277078	852.00	13.00	15.85	26.17	102468.22	52487	0	
731	0:04:43	1/1/2019 	278109	340.00	12.00	11.72	26.17	102468.02	52487	0	
732	0:04:43	1/1/2019 	278469	338.00	12.00	11.69	26.17	102468.28	1850	0	
733	0:04:43	1/1/2019 	278748	954.00	16.00	16.88	26.17	102468.41	54431	1	
734	0:04:43	1/1/2019 	278826	587.00	13.00	14.45	26.17	102468.41	1847	0	
735	0:04:44	1/1/2019 	279872	632.00	15.00	15.65	26.18	102468.47	52488	0	
736	0:04:44	1/1/2019 	279912	147.00	12.00	7.95	26.18	102468.47	2789	0	
737	0:04:45	1/1/2019 	280643	937.00	16.00	16.88	26.18	102468.15	52485	1	
738	0:04:45	1/1/2019 	280872	144.00	9.00	7.85	26.18	102468.41	1847	0	
739	0:04:46	1/1/2019 	281922	432.00	13.00	12.68	26.19	102468.63	52484	0	
740	0:04:46	1/1/2019 	281942	369.00	12.00	12.05	26.19	102468.63	3931	0	
741	0:04:47	1/1/2019 	282061	104.00	9.00	6.70	26.19	102468.63	1847	0	
742	0:04:47	1/1/2019 	282205	703.00	11.00	15.30	26.19	102468.47	1848	0	
743	0:04:48	1/1/2019 	283121	301.00	11.00	11.17	26.19	102468.77	52487	0	
744	0:04:49	1/1/2019 	284347	596.00	14.00	14.75	26.19	102468.83	52487	0	
745	0:04:49	1/1/2019 	284920	562.00	14.00	14.13	26.20	102468.95	52487	0	
746	0:04:50	1/1/2019 	285033	951.00	16.00	16.88	26.20	102468.95	1849	1	
747	0:04:50	1/1/2019 	285045	550.00	14.00	13.95	26.20	102468.95	3791	0	
748	0:04:51	1/1/2019 	286488	930.00	16.00	16.88	26.20	102468.53	52484	1	
749	0:04:51	1/1/2019 	286704	521.00	14.00	13.56	26.20	102468.53	52481	0	
750	0:04:52	1/1/2019 	287301	374.00	11.00	12.05	26.20	102468.14	1850	0	
751	0:04:52	1/1/2019 	287409	941.00	16.00	16.88	26.20	102468.14	1851	1	
752	0:04:52	1/1/2019 	287640	378.00	12.00	12.14	26.20	102468.14	52481	0	
753	0:04:53	1/1/2019 	288236	125.00	9.00	7.30	26.21	102468.21	1848	0	
754	0:04:53	1/1/2019 	288896	956.00	16.00	16.88	26.21	102468.34	54428	0	
755	0:04:54	1/1/2019 	289791	208.00	10.00	9.50	26.21	102468.11	52481	0	
756	0:04:55	1/1/2019 	290441	420.00	12.00	12.53	26.22	102468.41	2790	0	
757	0:04:55	1/1/2019 	290617	680.00	14.00	16.17	26.22	102468.41	52484	0	
758	0:04:55	1/1/2019 	290652	201.00	12.00	9.36	26.22	102468.41	1848	0	
759	0:04:55	1/1/2019 	290697	62.00	8.00	5.90	26.22	102468.41	1847	0	
760	0:04:55	1/1/2019 	290965	534.00	13.00	13.64	26.22	102468.53	1845	0	
761	0:04:56	1/1/2019 	291111	787.00	16.00	17.01	26.22	102468.53	3983	0	
762	0:04:56	1/1/2019 	291225	122.00	9.00	7.21	26.22	102468.62	1850	0	
763	0:04:56	1/1/2019 	291291	955.00	16.00	16.88	26.22	102468.62	1856	0	
764	0:04:56	1/1/2019 	291488	957.00	16.00	16.88	26.22	102468.62	1854	1	
765	0:04:56	1/1/2019 	291634	912.00	16.00	16.90	26.22	102468.62	52489	1	
766	0:04:57	1/1/2019 	292291	68.00	8.00	5.95	26.22	102468.44	1851	0	
767	0:04:57	1/1/2019 	292791	152.00	9.00	8.08	26.23	102468.38	52485	0	
768	0:04:58	1/1/2019 	293404	88.00	8.00	6.30	26.23	102468.66	1852	0	
769	0:04:58	1/1/2019 	293961	404.00	12.00	12.39	26.23	102468.50	54428	0	
770	0:04:58	1/1/2019 	293981	840.00	16.00	16.98	26.23	102468.50	1847	0	
771	0:04:59	1/1/2019 	294100	137.00	9.00	7.65	26.23	102468.50	1846	0	
772	0:04:59	1/1/2019 	294151	171.00	9.00	8.60	26.23	102468.50	1848	0	
773	0:04:59	1/1/2019 	294466	172.00	10.00	8.63	26.23	102468.59	1847	0	
774	0:04:59	1/1/2019 	294982	139.00	9.00	7.71	26.23	102468.73	52483	0	
775	0:05:00	1/1/2019 	295203	953.00	16.00	16.88	26.23	102468.73	1848	1	
776	0:05:00	1/1/2019 	295208	956.00	16.00	16.88	26.23	102468.73	3791	1	
777	0:05:00	1/1/2019 	295361	180.00	9.00	8.83	26.24	102468.66	1847	0	
778	0:05:00	1/1/2019 	295424	375.00	12.00	12.11	26.24	102468.66	1847	0	
779	0:05:02	1/1/2019 	297188	122.00	9.00	7.21	26.24	102468.76	103125	0	
780	0:05:02	1/1/2019 	297206	436.00	13.00	12.72	26.24	102468.76	1849	0	
781	0:05:02	1/1/2019 	297773	957.00	16.00	16.88	26.25	102468.98	52487	0	
782	0:05:02	1/1/2019 	297783	934.00	16.00	16.88	26.25	102468.98	1847	0	
783	0:05:04	1/1/2019 	298377	883.00	16.00	16.94	26.25	102469.08	3792	0	
784	0:05:04	1/1/2019 	298380	344.00	11.00	11.73	26.25	102469.08	1847	0	
785	0:05:04	1/1/2019 	298561	567.00	14.00	14.22	26.25	102469.08	52487	0	
786	0:05:04	1/1/2019 	299151	648.00	15.00	15.97	26.25	102469.20	1849	0	
787	0:05:05	1/1/2019 	299635	700.00	11.00	15.30	26.25	102469.30	52487	0	
788	0:05:05	1/1/2019 	299680	664.00	15.00	16.23	26.25	102469.30	2790	0	
789	0:05:06	1/1/2019 	300873	595.00	14.00	14.74	26.26	102469.20	52486	0	
790	0:05:06	1/1/2019 	300892	950.00	16.00	16.88	26.26	102469.20	3931	0	
791	0:05:06	1/1/2019 	300900	954.00	16.00	16.88	26.26	102469.20	1847	1	
792	0:05:06	1/1/2019 	301108	795.00	16.00	17.01	26.26	102469.20	1847	0	
793	0:05:07	1/1/2019 	301836	76.00	6.00	6.06	26.26	102469.27	52484	0	
794	0:05:07	1/1/2019 	301946	190.00	10.00	9.08	26.26	102469.27	1848	0	
795	0:05:07	1/1/2019 	301970	769.00	16.00	17.02	26.26	102469.27	1848	0	
796	0:05:08	1/1/2019 	302570	873.00	16.00	16.95	26.27	102469.23	52487	0	
797	0:05:08	1/1/2019 	303195	350.00	12.00	11.83	26.27	102469.53	3792	0	
798	0:05:09	1/1/2019 	303884	405.00	12.00	12.40	26.27	102469.75	52485	0	
799	0:05:09	1/1/2019 	304004	957.00	16.00	16.88	26.27	102469.75	1848	0	
800	0:05:09	1/1/2019 	304324	866.00	16.00	16.96	26.27	102469.27	1847	0	
801	0:05:10	1/1/2019 	304580	906.00	16.00	16.91	26.27	102469.27	52485	0	
802	0:05:10	1/1/2019 	304668	951.00	16.00	16.88	26.27	102469.27	1848	0	
803	0:05:10	1/1/2019 	304990	959.00	18.00	17.54	26.27	102469.36	1846	0	
804	0:05:10	1/1/2019 	305071	444.00	12.00	12.72	26.27	102469.36	3793	0	
805	0:05:10	1/1/2019 	305117	419.00	12.00	12.52	26.27	102469.36	1848	0	
806	0:05:10	1/1/2019 	305236	720.00	16.00	16.98	26.28	102469.49	1848	0	
807	0:05:10	1/1/2019 	305305	661.00	15.00	16.19	26.28	102469.49	1846	0	
808	0:05:10	1/1/2019 	305347	552.00	14.00	13.98	26.28	102469.49	1848	0	
809	0:05:11	1/1/2019 	305400	397.00	12.00	12.32	26.28	102469.49	1848	0	
810	0:05:11	1/1/2019 	305776	595.00	14.00	14.74	26.28	102469.27	52488	0	
811	0:05:11	1/1/2019 	306027	929.00	16.00	16.89	26.28	102469.27	3846	1	
812	0:05:11	1/1/2019 	306135	72.00	8.00	6.00	26.28	102469.27	1846	0	
813	0:05:11	1/1/2019 	306315	118.00	9.00	7.09	26.28	102469.23	1845	0	
814	0:05:12	1/1/2019 	306999	453.00	13.00	12.86	26.28	102469.08	52485	0	
815	0:05:12	1/1/2019 	307180	184.00	10.00	8.94	26.28	102469.08	1849	0	
816	0:05:12	1/1/2019 	307303	691.00	15.00	16.54	26.28	102469.17	1848	0	
817	0:05:13	1/1/2019 	307657	749.00	16.00	17.02	26.28	102469.17	52486	0	
818	0:05:14	1/1/2019 	308790	247.00	10.00	10.28	26.29	102469.42	54431	0	
819	0:05:14	1/1/2019 	308816	278.00	13.00	10.87	26.29	102469.42	1849	0	
820	0:05:14	1/1/2019 	309372	97.00	9.00	6.52	26.29	102469.52	1848	0	
821	0:05:15	1/1/2019 	309467	839.00	16.00	16.98	26.29	102469.52	1848	0	
822	0:05:15	1/1/2019 	309635	811.00	16.00	17.00	26.29	102469.52	52488	0	
823	0:05:15	1/1/2019 	309830	947.00	16.00	16.88	26.29	102469.66	2787	0	
824	0:05:15	1/1/2019 	310292	957.00	16.00	16.88	26.30	102469.75	1845	0	
825	0:05:16	1/1/2019 	310681	947.00	17.00	17.22	26.30	102469.75	54564	0	
826	0:05:17	1/1/2019 	311448	961.00	20.00	18.13	26.30	102469.88	1852	0	
827	0:05:17	1/1/2019 	311713	274.00	10.00	10.74	26.30	102469.88	52493	0	
828	0:05:17	1/1/2019 	312136	127.00	9.00	7.36	26.30	102469.81	1852	0	
829	0:05:18	1/1/2019 	312486	955.00	16.00	16.88	26.30	102469.65	1848	0	
830	0:05:18	1/1/2019 	312794	958.00	16.00	16.88	26.30	102469.62	52486	0	
831	0:05:18	1/1/2019 	313102	760.00	16.00	17.02	26.30	102469.62	1846	0	
832	0:05:18	1/1/2019 	313301	900.00	16.00	16.91	26.31	102469.88	3793	0	
833	0:05:18	1/1/2019 	313315	340.00	11.00	11.68	26.31	102469.88	1854	0	
834	0:05:19	1/1/2019 	313565	392.00	12.00	12.28	26.31	102469.88	52493	0	
835	0:05:19	1/1/2019 	313692	697.00	15.00	16.58	26.31	102469.88	1856	0	
836	0:05:19	1/1/2019 	313786	543.00	14.00	13.84	26.31	102469.55	1854	0	
837	0:05:20	1/1/2019 	314393	343.00	12.00	11.75	26.31	102469.68	1847	0	
838	0:05:20	1/1/2019 	314673	711.00	15.00	16.65	26.31	102469.68	52486	0	
839	0:05:20	1/1/2019 	314755	81.00	8.00	6.15	26.31	102469.45	3792	0	
840	0:05:20	1/1/2019 	314827	962.00	15.00	16.52	26.31	102469.45	1846	1	
841	0:05:20	1/1/2019 	315008	955.00	16.00	16.88	26.31	102469.45	1849	0	
842	0:05:20	1/1/2019 	315291	744.00	15.00	16.70	26.31	102469.91	1846	0	
843	0:05:21	1/1/2019 	315429	338.00	12.00	11.69	26.31	102469.91	1848	0	
844	0:05:21	1/1/2019 	316028	77.00	8.00	6.08	26.31	102469.27	52485	0	
845	0:05:21	1/1/2019 	316101	202.00	9.00	9.36	26.31	102469.27	1845	0	
846	0:05:21	1/1/2019 	316258	957.00	16.00	16.88	26.32	102469.23	3793	1	
847	0:05:22	1/1/2019 	316664	146.00	9.00	7.91	26.32	102469.23	52486	0	
848	0:05:22	1/1/2019 	317112	226.00	10.00	9.88	26.32	102469.16	1848	0	
849	0:05:22	1/1/2019 	317134	930.00	16.00	16.88	26.32	102469.16	1848	1	
850	0:05:23	1/1/2019 	317707	950.00	16.00	16.88	26.32	102468.68	52483	0	
851	0:05:23	1/1/2019 	317863	72.00	12.00	6.01	26.32	102468.33	1847	0	
852	0:05:24	1/1/2019 	318496	950.00	16.00	16.88	26.32	102468.27	1846	0	
853	0:05:24	1/1/2019 	318618	232.00	10.00	10.00	26.32	102468.27	54429	0	
854	0:05:25	1/1/2019 	319563	708.00	10.00	14.91	26.33	102467.91	52487	0	
855	0:05:26	1/1/2019 	320437	894.00	16.00	16.92	26.33	102468.13	2790	0	
856	0:05:26	1/1/2019 	320819	957.00	16.00	16.88	26.33	102467.65	52485	0	
857	0:05:26	1/1/2019 	320842	760.00	16.00	17.02	26.33	102467.65	1847	0	
858	0:05:26	1/1/2019 	320847	955.00	16.00	16.88	26.33	102467.65	1847	0	
859	0:05:26	1/1/2019 	321043	209.00	10.00	9.52	26.33	102467.65	1847	0	
860	0:05:27	1/1/2019 	321907	833.00	16.00	16.99	26.34	102467.72	54566	0	
861	0:05:27	1/1/2019 	322147	488.00	13.00	13.15	26.34	102467.72	1847	0	
862	0:05:27	1/1/2019 	322213	960.00	12.00	15.31	26.34	102467.72	1848	0	
863	0:05:29	1/1/2019 	323390	927.00	16.00	16.89	26.34	102466.97	52486	0	
864	0:05:29	1/1/2019 	323422	703.00	15.00	16.61	26.34	102466.97	1847	0	
865	0:05:29	1/1/2019 	323595	68.00	8.00	5.95	26.34	102466.97	52485	0	
866	0:05:29	1/1/2019 	323680	312.00	11.00	11.32	26.34	102466.97	1846	0	
867	0:05:29	1/1/2019 	323992	124.00	9.00	7.27	26.34	102466.78	3793	0	
868	0:05:29	1/1/2019 	324133	117.00	9.00	7.07	26.34	102466.78	1847	0	
869	0:05:30	1/1/2019 	324749	427.00	13.00	12.64	26.35	102466.39	52485	0	
870	0:05:31	1/1/2019 	325596	438.00	13.00	12.73	26.35	102465.91	52488	0	
871	0:05:31	1/1/2019 	325906	558.00	14.00	14.07	26.35	102465.88	1851	0	
872	0:05:31	1/1/2019 	325963	581.00	14.00	14.47	26.35	102465.88	1856	0	
873	0:05:31	1/1/2019 	326109	285.00	11.00	10.93	26.35	102465.88	1856	0	
874	0:05:32	1/1/2019 	326929	72.00	9.00	6.01	26.35	102465.94	54435	0	
875	0:05:33	1/1/2019 	327606	169.00	9.00	8.54	26.35	102465.62	52487	0	
876	0:05:33	1/1/2019 	327799	956.00	16.00	16.88	26.36	102465.88	1851	0	
877	0:05:33	1/1/2019 	327896	403.00	12.00	12.38	26.36	102465.88	1854	0	
878	0:05:34	1/1/2019 	328615	562.00	14.00	14.13	26.36	102465.39	52492	0	
879	0:05:34	1/1/2019 	329364	327.00	11.00	11.52	26.36	102465.48	1849	0	
880	0:05:35	1/1/2019 	329658	724.00	15.00	16.68	26.36	102465.48	52487	0	
881	0:05:35	1/1/2019 	329906	235.00	10.00	10.06	26.36	102465.01	4871	0	
882	0:05:35	1/1/2019 	329940	134.00	9.00	7.56	26.36	102465.01	1847	0	
883	0:05:36	1/1/2019 	330582	213.00	10.00	9.61	26.36	102465.10	52485	0	
884	0:05:36	1/1/2019 	330659	104.00	9.00	6.70	26.36	102465.10	1849	0	
885	0:05:36	1/1/2019 	330907	879.00	16.00	16.94	26.37	102465.23	1849	1	
886	0:05:37	1/1/2019 	331400	107.00	9.00	6.78	26.37	102465.33	1845	0	
887	0:05:37	1/1/2019 	331731	471.00	13.00	13.00	26.37	102465.45	52487	0	
888	0:05:37	1/1/2019 	332189	159.00	9.00	8.27	26.37	102465.45	3793	0	
889	0:05:37	1/1/2019 	332219	938.00	16.00	16.88	26.37	102465.45	1848	0	
890	0:05:39	1/1/2019 	333483	780.00	16.00	17.02	26.38	102465.36	52485	0	
891	0:05:39	1/1/2019 	333801	165.00	9.00	8.44	26.38	102465.45	52486	0	
892	0:05:39	1/1/2019 	333905	610.00	14.00	15.04	26.38	102465.45	1847	0	
893	0:05:39	1/1/2019 	334088	65.00	8.00	5.92	26.38	102465.45	1849	0	
894	0:05:39	1/1/2019 	334126	108.00	8.00	6.81	26.38	102465.45	1846	0	
895	0:05:39	1/1/2019 	334194	951.00	16.00	16.88	26.38	102465.45	3843	0	
896	0:05:40	1/1/2019 	334794	112.00	9.00	6.92	26.38	102465.26	52486	0	
897	0:05:41	1/1/2019 	336192	176.00	9.00	8.73	26.38	102465.03	52491	0	
898	0:05:42	1/1/2019 	336582	683.00	15.00	16.47	26.39	102465.16	52490	0	
899	0:05:42	1/1/2019 	336809	75.00	8.00	6.05	26.39	102465.45	1849	0	
900	0:05:42	1/1/2019 	336862	79.00	8.00	6.12	26.39	102465.45	1845	0	
901	0:05:43	1/1/2019 	337804	951.00	16.00	16.88	26.39	102465.39	52486	0	
902	0:05:43	1/1/2019 	337950	651.00	15.00	16.02	26.39	102465.39	3738	0	
903	0:05:44	1/1/2019 	339326	953.00	16.00	16.88	26.39	102465.45	52486	0	
904	0:05:45	1/1/2019 	340097	624.00	14.00	15.32	26.40	102465.58	52487	0	
905	0:05:45	1/1/2019 	340103	398.00	12.00	12.33	26.40	102465.58	2595	0	
906	0:05:46	1/1/2019 	340916	647.00	15.00	15.95	26.40	102465.35	52485	0	
907	0:05:46	1/1/2019 	340957	163.00	9.00	8.38	26.40	102465.35	1849	0	
908	0:05:46	1/1/2019 	341177	577.00	14.00	14.39	26.40	102465.35	1849	0	
909	0:05:46	1/1/2019 	341346	455.00	13.00	12.87	26.40	102465.03	5112	0	
910	0:05:47	1/1/2019 	341651	951.00	16.00	16.88	26.40	102465.03	52488	1	
911	0:05:47	1/1/2019 	342363	957.00	16.00	16.88	26.40	102465.25	1848	0	
912	0:05:48	1/1/2019 	342389	661.00	15.00	16.19	26.40	102465.25	1846	0	
913	0:05:48	1/1/2019 	342639	571.00	14.00	14.29	26.40	102465.25	52489	0	
914	0:05:48	1/1/2019 	342708	919.00	16.00	16.89	26.40	102465.25	1848	0	
915	0:05:48	1/1/2019 	343154	90.00	8.00	6.35	26.41	102465.38	1846	0	
916	0:05:48	1/1/2019 	343269	470.00	13.00	13.00	26.41	102465.06	3791	0	
917	0:05:49	1/1/2019 	344149	157.00	9.00	8.22	26.41	102465.19	52488	0	
918	0:05:49	1/1/2019 	344209	84.00	9.00	6.22	26.41	102465.19	1848	0	
919	0:05:50	1/1/2019 	344422	573.00	10.00	13.82	26.41	102465.29	1847	0	
920	0:05:50	1/1/2019 	345088	684.00	15.00	16.48	26.41	102464.97	52489	0	
921	0:05:51	1/1/2019 	346134	141.00	9.00	7.76	26.41	102464.45	52488	0	
922	0:05:52	1/1/2019 	346745	634.00	15.00	15.69	26.42	102464.67	52489	0	
923	0:05:52	1/1/2019 	346839	267.00	11.00	10.64	26.42	102464.67	3795	0	
924	0:05:52	1/1/2019 	347132	538.00	14.00	13.78	26.42	102464.67	1847	0	
925	0:05:52	1/1/2019 	347340	93.00	8.00	6.42	26.42	102464.19	1847	0	
926	0:05:53	1/1/2019 	347401	955.00	16.00	16.88	26.42	102464.19	1845	0	
927	0:05:53	1/1/2019 	347409	965.00	17.00	17.22	26.42	102464.19	1848	0	
928	0:05:54	1/1/2019 	348594	843.00	16.00	16.98	26.42	102464.42	103124	0	
929	0:05:54	1/1/2019 	348691	118.00	9.00	7.09	26.42	102464.42	1847	0	
930	0:05:54	1/1/2019 	349144	714.00	16.00	16.95	26.42	102464.25	3847	0	
931	0:05:54	1/1/2019 	349267	83.00	8.00	6.19	26.43	102464.34	1846	0	
932	0:05:54	1/1/2019 	349332	960.00	16.00	16.88	26.43	102464.34	1846	0	
933	0:05:55	1/1/2019 	349431	393.00	12.00	12.29	26.43	102464.34	1847	0	
934	0:05:55	1/1/2019 	349587	150.00	9.00	8.02	26.43	102464.34	52490	0	
935	0:05:55	1/1/2019 	350193	704.00	15.00	16.62	26.43	102464.03	2593	0	
936	0:05:55	1/1/2019 	350290	147.00	9.00	7.94	26.43	102464.16	1849	0	
937	0:05:56	1/1/2019 	350411	950.00	16.00	16.88	26.43	102464.16	1848	0	
938	0:05:56	1/1/2019 	351273	71.00	8.00	5.99	26.43	102464.55	54570	0	
939	0:05:57	1/1/2019 	352185	418.00	12.00	12.51	26.43	102464.38	52488	0	
940	0:05:57	1/1/2019 	352274	863.00	16.00	16.96	26.44	102464.51	1854	0	
941	0:05:58	1/1/2019 	352561	242.00	10.00	10.19	26.44	102464.51	52487	0	
942	0:05:59	1/1/2019 	353588	844.00	16.00	16.98	26.44	102464.12	52491	0	
943	0:05:59	1/1/2019 	353647	897.00	16.00	16.92	26.44	102464.12	1855	0	
944	0:05:59	1/1/2019 	354289	267.00	11.00	10.64	26.44	102464.51	1852	0	
945	0:06:00	1/1/2019 	354436	136.00	9.00	7.62	26.44	102464.51	3792	0	
946	0:06:00	1/1/2019 	354989	166.00	9.00	8.46	26.44	102464.34	52490	0	
947	0:06:00	1/1/2019 	355031	927.00	16.00	16.89	26.44	102464.34	1847	0	
948	0:06:01	1/1/2019 	355661	922.00	16.00	16.89	26.45	102464.48	52488	0	
949	0:06:01	1/1/2019 	356261	757.00	15.00	16.69	26.45	102464.41	1847	0	
950	0:06:01	1/1/2019 	356340	63.00	8.00	5.91	26.45	102464.41	1848	0	
951	0:06:02	1/1/2019 	356560	618.00	14.00	15.20	26.45	102464.41	52486	0	
952	0:06:02	1/1/2019 	357061	509.00	13.00	13.35	26.45	102464.25	3795	0	
953	0:06:02	1/1/2019 	357137	609.00	15.00	15.16	26.45	102464.25	1848	0	
954	0:06:02	1/1/2019 	357299	383.00	12.00	12.19	26.45	102464.22	1848	0	
955	0:06:03	1/1/2019 	358116	545.00	14.00	13.87	26.45	102464.47	52487	0	
956	0:06:05	1/1/2019 	360214	951.00	16.00	16.88	26.46	102464.09	103126	1	
957	0:06:05	1/1/2019 	360279	709.00	15.00	16.64	26.46	102464.19	2593	0	
958	0:06:06	1/1/2019 	360604	153.00	9.00	8.11	26.46	102464.19	52486	0	
959	0:06:06	1/1/2019 	361331	80.00	9.00	6.14	26.46	102464.16	3929	0	
960	0:06:07	1/1/2019 	361465	126.00	9.00	7.33	26.46	102464.16	1847	0	
961	0:06:07	1/1/2019 	361602	715.00	15.00	16.66	26.46	102464.16	52485	0	
962	0:06:07	1/1/2019 	361715	958.00	16.00	16.88	26.46	102464.16	1848	1	
963	0:06:07	1/1/2019 	361875	955.00	16.00	16.88	26.47	102464.25	1848	0	
964	0:06:07	1/1/2019 	362348	824.00	16.00	16.99	26.47	102464.38	1849	0	
965	0:06:08	1/1/2019 	362649	583.00	14.00	14.50	26.47	102464.38	52493	0	
966	0:06:08	1/1/2019 	363286	499.00	13.00	13.25	26.47	102464.14	3853	0	
967	0:06:09	1/1/2019 	363716	394.00	12.00	12.30	26.47	102464.14	52486	0	
968	0:06:09	1/1/2019 	363755	63.00	8.00	5.91	26.47	102463.98	1848	0	
969	0:06:09	1/1/2019 	363794	923.00	16.00	16.89	26.47	102463.98	1846	0	
970	0:06:10	1/1/2019 	364482	952.00	16.00	16.88	26.47	102464.11	1847	0	
971	0:06:10	1/1/2019 	364822	65.00	8.00	5.92	26.48	102464.38	52489	0	
972	0:06:10	1/1/2019 	365046	958.00	16.00	16.88	26.48	102464.38	1853	1	
973	0:06:11	1/1/2019 	365846	928.00	11.00	14.86	26.48	102464.34	54437	0	
974	0:06:12	1/1/2019 	367043	665.00	15.00	16.25	26.48	102464.44	52490	0	
975	0:06:12	1/1/2019 	367199	955.00	16.00	16.88	26.48	102464.44	1850	0	
976	0:06:13	1/1/2019 	367820	207.00	10.00	9.48	26.48	102464.56	52484	0	
977	0:06:13	1/1/2019 	368022	957.00	16.00	16.88	26.48	102464.56	1849	0	
978	0:06:13	1/1/2019 	368075	459.00	13.00	12.90	26.48	102464.56	1846	0	
979	0:06:13	1/1/2019 	368279	955.00	16.00	16.88	26.49	102464.86	1849	0	
980	0:06:13	1/1/2019 	368365	960.00	16.00	16.88	26.49	102464.86	3790	0	
981	0:06:14	1/1/2019 	369224	446.00	13.00	12.80	26.49	102464.95	52486	0	
982	0:06:14	1/1/2019 	369254	959.00	16.00	16.88	26.49	102465.08	1849	0	
983	0:06:15	1/1/2019 	369378	639.00	15.00	15.80	26.49	102465.08	1846	0	
984	0:06:15	1/1/2019 	369682	397.00	12.00	12.32	26.49	102465.08	52489	0	
985	0:06:15	1/1/2019 	370177	340.00	12.00	11.72	26.49	102464.92	2592	0	
986	0:06:15	1/1/2019 	370200	95.00	8.00	6.47	26.49	102464.92	1847	0	
987	0:06:16	1/1/2019 	370390	728.00	15.00	16.69	26.49	102465.17	3927	0	
988	0:06:16	1/1/2019 	370637	98.00	9.00	6.54	26.49	102465.17	52488	0	
989	0:06:16	1/1/2019 	370976	85.00	11.00	6.24	26.50	102465.47	1847	0	
990	0:06:17	1/1/2019 	371832	140.00	9.00	7.74	26.50	102465.39	52484	0	
991	0:06:17	1/1/2019 	372104	644.00	15.00	15.89	26.50	102465.39	1848	0	
992	0:06:17	1/1/2019 	372235	687.00	16.00	16.76	26.50	102465.39	1849	0	
993	0:06:17	1/1/2019 	372355	133.00	7.00	7.52	26.50	102465.52	1846	0	
994	0:06:19	1/1/2019 	373384	930.00	16.00	16.88	26.50	102465.46	54431	0	
995	0:06:19	1/1/2019 	374148	956.00	17.00	17.22	26.51	102465.59	52486	1	
996	0:06:20	1/1/2019 	374618	813.00	13.00	15.90	26.51	102465.27	52486	0	
997	0:06:20	1/1/2019 	374812	425.00	13.00	12.62	26.51	102465.56	1850	0	
998	0:06:21	1/1/2019 	375733	255.00	10.00	10.42	26.51	102465.66	52484	0	
999	0:06:21	1/1/2019 	375762	175.00	9.00	8.70	26.51	102465.33	1850	0	
1000	0:06:21	1/1/2019 	376181	718.00	15.00	16.67	26.51	102465.33	1848	0	
1001	0:06:21	1/1/2019 	376325	98.00	8.00	6.54	26.51	102465.62	3795	0	
1002	0:06:22	1/1/2019 	376389	680.00	15.00	16.44	26.51	102465.62	1853	0	
1003	0:06:22	1/1/2019 	376453	680.00	15.00	16.44	26.51	102465.62	1857	0	
1004	0:06:22	1/1/2019 	376737	428.00	13.00	12.65	26.51	102465.30	52492	0	
1005	0:06:22	1/1/2019 	376961	686.00	18.00	17.23	26.52	102465.72	1849	0	
1006	0:06:22	1/1/2019 	377042	660.00	15.00	16.17	26.52	102465.72	1848	0	
1007	0:06:22	1/1/2019 	377125	672.00	15.00	16.34	26.52	102465.72	1848	0	
1008	0:06:23	1/1/2019 	377913	153.00	9.00	8.11	26.52	102465.52	54428	0	
1009	0:06:24	1/1/2019 	378575	226.00	10.00	9.88	26.52	102465.62	52486	0	
1010	0:06:24	1/1/2019 	378819	88.00	8.00	6.30	26.52	102465.45	1849	0	
1011	0:06:24	1/1/2019 	379042	155.00	9.00	8.16	26.52	102465.45	1846	0	
1012	0:06:25	1/1/2019 	379400	335.00	12.00	11.65	26.52	102465.75	1848	0	
1013	0:06:25	1/1/2019 	380090	81.00	7.00	6.15	26.52	102466.00	52486	0	
1014	0:06:25	1/1/2019 	380163	235.00	10.00	10.06	26.52	102466.00	2594	0	
1015	0:06:27	1/1/2019 	381605	953.00	16.00	16.88	26.53	102466.12	105205	1	
1016	0:06:27	1/1/2019 	381648	435.00	13.00	12.71	26.53	102466.12	1856	0	
1017	0:06:28	1/1/2019 	382598	369.00	12.00	12.05	26.53	102466.36	52491	0	
1018	0:06:28	1/1/2019 	382730	578.00	14.00	14.41	26.53	102466.36	1849	0	
1019	0:06:28	1/1/2019 	382773	161.00	9.00	8.33	26.53	102466.03	1848	0	
1020	0:06:29	1/1/2019 	383794	240.00	10.00	10.15	26.53	102466.00	52487	0	
1021	0:06:29	1/1/2019 	384084	716.00	15.00	16.66	26.53	102466.00	1850	0	
1022	0:06:30	1/1/2019 	384581	877.00	16.00	16.95	26.54	102466.09	54431	0	
1023	0:06:30	1/1/2019 	384923	659.00	15.00	16.16	26.54	102465.61	1848	0	
1024	0:06:30	1/1/2019 	385266	105.00	8.00	6.73	26.54	102466.06	1848	0	
1025	0:06:30	1/1/2019 	385280	187.00	8.00	8.99	26.54	102466.06	1845	0	
1026	0:06:31	1/1/2019 	385818	645.00	15.00	15.91	26.54	102466.16	52482	0	
1027	0:06:32	1/1/2019 	386625	739.00	15.00	16.70	26.54	102465.84	52488	0	
1028	0:06:32	1/1/2019 	386734	939.00	16.00	16.88	26.54	102465.84	1849	0	
1029	0:06:32	1/1/2019 	387196	834.00	16.00	16.98	26.54	102465.52	3792	0	
1030	0:06:32	1/1/2019 	387235	123.00	9.00	7.24	26.54	102465.52	1846	0	
1031	0:06:32	1/1/2019 	387283	178.00	9.00	8.78	26.54	102465.64	1848	0	
1032	0:06:33	1/1/2019 	387942	858.00	16.00	16.97	26.55	102465.73	52486	0	
1033	0:06:33	1/1/2019 	388090	219.00	10.00	9.74	26.55	102465.73	1847	0	
1034	0:06:33	1/1/2019 	388180	512.00	13.00	13.38	26.55	102465.73	1848	0	
1035	0:06:33	1/1/2019 	388218	921.00	16.00	16.89	26.55	102465.73	1848	0	
1036	0:06:33	1/1/2019 	388325	746.00	15.00	16.70	26.55	102465.58	3790	0	
1037	0:06:33	1/1/2019 	388355	523.00	14.00	13.58	26.55	102465.58	1849	0	
1038	0:06:34	1/1/2019 	388564	861.00	16.00	16.96	26.55	102465.58	52488	0	
1039	0:06:34	1/1/2019 	389052	958.00	16.00	16.88	26.55	102465.70	1848	1	
1040	0:06:34	1/1/2019 	389366	445.00	13.00	12.79	26.55	102465.55	1846	0	
1041	0:06:35	1/1/2019 	389744	952.00	16.00	16.88	26.55	102465.64	52489	0	
1042	0:06:35	1/1/2019 	389779	958.00	16.00	16.88	26.55	102465.64	4680	0	
1043	0:06:35	1/1/2019 	389786	93.00	8.00	6.42	26.55	102465.64	1846	0	
1044	0:06:36	1/1/2019 	390717	128.00	9.00	7.39	26.55	102465.77	52483	0	
1045	0:06:37	1/1/2019 	391386	83.00	8.00	6.19	26.56	102465.90	1847	0	
1046	0:06:37	1/1/2019 	391662	546.00	14.00	13.89	26.56	102465.90	52486	0	
1047	0:06:37	1/1/2019 	391733	392.00	12.00	12.28	26.56	102465.90	1848	0	
1048	0:06:37	1/1/2019 	391741	620.00	15.00	15.40	26.56	102465.84	1848	0	
1049	0:06:37	1/1/2019 	391788	311.00	11.00	11.31	26.56	102465.84	3846	0	
1050	0:06:37	1/1/2019 	391949	957.00	16.00	16.88	26.56	102465.84	1849	0	
1051	0:06:37	1/1/2019 	392274	338.00	11.00	11.65	26.56	102465.97	1847	0	
1052	0:06:38	1/1/2019 	392649	368.00	12.00	12.04	26.56	102465.97	52489	0	
1053	0:06:38	1/1/2019 	393191	177.00	9.00	8.75	26.56	102466.22	1849	0	
1054	0:06:39	1/1/2019 	393405	66.00	8.00	5.93	26.56	102466.06	1847	0	
1055	0:06:39	1/1/2019 	393754	126.00	9.00	7.33	26.57	102466.19	52484	0	
1056	0:06:39	1/1/2019 	394290	559.00	13.00	13.98	26.57	102466.45	3792	0	
1057	0:06:40	1/1/2019 	394677	951.00	16.00	16.88	26.57	102466.45	52487	0	
1058	0:06:40	1/1/2019 	394838	256.00	10.00	10.44	26.57	102466.12	1850	0	
1059	0:06:41	1/1/2019 	395398	752.00	15.00	16.70	26.57	102466.25	1853	0	
1060	0:06:41	1/1/2019 	395927	359.00	12.00	11.94	26.57	102466.34	52488	0	
1061	0:06:41	1/1/2019 	396104	155.00	9.00	8.16	26.57	102466.34	1847	0	
1062	0:06:42	1/1/2019 	396770	950.00	16.00	16.88	26.58	102466.15	52486	0	
1063	0:06:42	1/1/2019 	396919	401.00	12.00	12.36	26.58	102466.15	3792	0	
1064	0:06:43	1/1/2019 	398167	289.00	10.00	10.96	26.58	102466.53	52484	0	
1065	0:06:44	1/1/2019 	398950	669.00	15.00	16.30	26.58	102466.50	52490	0	
1066	0:06:44	1/1/2019 	399285	958.00	16.00	16.88	26.59	102466.60	1850	0	
1067	0:06:46	1/1/2019 	400816	179.00	9.00	8.80	26.59	102466.50	103127	0	
1068	0:06:46	1/1/2019 	400927	697.00	15.00	16.58	26.59	102466.50	2595	0	
1069	0:06:46	1/1/2019 	401133	202.00	10.00	9.37	26.59	102466.50	1848	0	
1070	0:06:47	1/1/2019 	401814	890.00	16.00	16.93	26.59	102466.62	54590	1	
1071	0:06:48	1/1/2019 	402481	157.00	9.00	8.22	26.60	102466.73	1852	0	
1072	0:06:48	1/1/2019 	402676	632.00	15.00	15.65	26.60	102466.73	52488	1	
1073	0:06:48	1/1/2019 	402865	873.00	16.00	16.95	26.60	102466.41	1849	0	
1074	0:06:49	1/1/2019 	404042	114.00	9.00	6.98	26.60	102465.92	52483	0	
1075	0:06:50	1/1/2019 	405192	955.00	15.00	16.52	26.60	102465.56	52486	1	
1076	0:06:51	1/1/2019 	405398	837.00	16.00	16.98	26.60	102465.66	1850	0	
1077	0:06:51	1/1/2019 	405643	612.00	15.00	15.23	26.60	102465.66	54450	0	
1078	0:06:51	1/1/2019 	405693	572.00	15.00	14.41	26.60	102465.66	1849	0	
1079	0:06:52	1/1/2019 	406996	225.00	10.00	9.86	26.61	102465.44	52487	0	
1080	0:06:52	1/1/2019 	407361	958.00	16.00	16.88	26.61	102465.53	1850	0	
1081	0:06:53	1/1/2019 	408217	533.00	14.00	13.71	26.61	102465.21	52486	0	
1082	0:06:54	1/1/2019 	408464	463.00	12.00	12.87	26.61	102465.34	1851	0	
1083	0:06:54	1/1/2019 	409149	897.00	16.00	16.92	26.61	102465.44	52489	0	
1084	0:06:55	1/1/2019 	409453	77.00	8.00	6.08	26.61	102465.44	3811	0	
1085	0:06:55	1/1/2019 	410093	109.00	9.00	6.84	26.62	102465.72	52487	0	
1086	0:06:55	1/1/2019 	410337	950.00	16.00	16.88	26.62	102465.40	2594	0	
1087	0:06:56	1/1/2019 	411238	147.00	9.00	7.94	26.62	102465.78	52486	0	
1088	0:06:57	1/1/2019 	411906	645.00	14.00	15.71	26.62	102465.62	52489	0	
1089	0:06:57	1/1/2019 	412205	261.00	10.00	10.52	26.62	102465.62	1858	0	
1090	0:06:58	1/1/2019 	412471	589.00	14.00	14.62	26.62	102465.72	1853	0	
1091	0:06:58	1/1/2019 	412693	98.00	8.00	6.54	26.62	102465.72	54593	0	
1092	0:06:58	1/1/2019 	413292	398.00	12.00	12.33	26.63	102465.69	1846	0	
1093	0:06:58	1/1/2019 	413318	425.00	12.00	12.57	26.63	102465.69	1847	0	
1094	0:06:58	1/1/2019 	413330	866.00	16.00	16.96	26.63	102465.69	1847	0	
1095	0:06:59	1/1/2019 	413463	62.00	8.00	5.90	26.63	102465.69	1846	0	
1096	0:06:59	1/1/2019 	413485	762.00	16.00	17.02	26.63	102465.69	1847	0	
1097	0:06:59	1/1/2019 	413659	353.00	11.00	11.83	26.63	102465.69	52488	0	
1098	0:06:59	1/1/2019 	413829	226.00	9.00	9.86	26.63	102465.82	3812	0	
1099	0:06:59	1/1/2019 	413870	205.00	10.00	9.43	26.63	102465.82	1848	0	
1100	0:06:59	1/1/2019 	414032	206.00	10.00	9.46	26.63	102465.82	1847	0	
1101	0:07:00	1/1/2019 	414389	574.00	14.00	14.34	26.63	102465.91	1849	0	
1102	0:07:00	1/1/2019 	414875	278.00	11.00	10.82	26.63	102465.75	52489	0	
1103	0:07:02	1/1/2019 	416400	545.00	14.00	13.87	26.64	102465.81	52487	0	
1104	0:07:02	1/1/2019 	416700	757.00	16.00	17.02	26.64	102465.81	52491	0	
1105	0:07:02	1/1/2019 	417071	360.00	11.00	11.91	26.64	102465.95	3812	0	
1106	0:07:02	1/1/2019 	417228	363.00	12.00	11.98	26.64	102465.95	1848	0	
1107	0:07:03	1/1/2019 	417688	733.00	15.00	16.69	26.64	102465.78	52486	0	
1108	0:07:03	1/1/2019 	418357	960.00	16.00	16.88	26.64	102465.55	1849	0	
1109	0:07:04	1/1/2019 	418742	594.00	14.00	14.72	26.64	102465.84	52487	0	
1110	0:07:04	1/1/2019 	419031	466.00	13.00	12.96	26.64	102465.84	1850	0	
1111	0:07:04	1/1/2019 	419128	959.00	11.00	14.85	26.64	102465.84	1848	0	
1112	0:07:04	1/1/2019 	419261	954.00	16.00	16.88	26.64	102465.69	3790	0	
1113	0:07:05	1/1/2019 	419749	886.00	16.00	16.93	26.65	102465.81	52704	0	
1114	0:07:05	1/1/2019 	419762	657.00	15.00	16.12	26.65	102465.81	2594	0	
1115	0:07:05	1/1/2019 	420203	124.00	9.00	7.27	26.65	102465.81	1849	0	
1116	0:07:07	1/1/2019 	421817	117.00	9.00	7.07	26.65	102465.88	103126	0	
1117	0:07:07	1/1/2019 	422057	827.00	16.00	16.99	26.65	102465.88	1857	0	
1118	0:07:08	1/1/2019 	422689	683.00	15.00	16.47	26.65	102466.00	52491	0	
1119	0:07:08	1/1/2019 	422917	955.00	16.00	16.88	26.65	102465.69	3928	0	
1120	0:07:09	1/1/2019 	423690	900.00	16.00	16.91	26.66	102465.81	52485	0	
1121	0:07:10	1/1/2019 	424375	140.00	9.00	7.74	26.66	102465.91	1847	0	
1122	0:07:10	1/1/2019 	424643	752.00	16.00	17.02	26.66	102465.91	52487	0	
1123	0:07:10	1/1/2019 	425091	110.00	9.00	6.87	26.66	102466.03	1846	0	
1124	0:07:10	1/1/2019 	425098	954.00	16.00	16.88	26.66	102466.03	1847	0	
1125	0:07:10	1/1/2019 	425253	744.00	16.00	17.02	26.66	102466.03	1846	0	
1126	0:07:11	1/1/2019 	426037	685.00	15.00	16.48	26.66	102466.12	54432	0	
1127	0:07:11	1/1/2019 	426276	590.00	15.00	14.76	26.66	102465.81	1855	0	
1128	0:07:12	1/1/2019 	426690	164.00	9.00	8.41	26.66	102465.81	52489	0	
1129	0:07:12	1/1/2019 	426941	124.00	12.00	7.28	26.66	102466.09	1848	0	
1130	0:07:13	1/1/2019 	427712	97.00	8.00	6.52	26.67	102466.36	52484	0	
1131	0:07:14	1/1/2019 	428731	85.00	8.00	6.24	26.67	102466.33	52485	0	
1132	0:07:14	1/1/2019 	429152	409.00	12.00	12.43	26.67	102466.16	1847	0	
1133	0:07:15	1/1/2019 	429614	951.00	16.00	16.88	26.67	102466.25	54483	1	
1134	0:07:15	1/1/2019 	429853	610.00	14.00	15.04	26.67	102466.38	2787	0	
1135	0:07:15	1/1/2019 	430140	195.00	9.00	9.19	26.67	102466.38	1849	0	
1136	0:07:16	1/1/2019 	430909	955.00	16.00	16.88	26.68	102466.35	52486	0	
1137	0:07:16	1/1/2019 	431251	957.00	16.00	16.88	26.68	102466.45	1848	0	
1138	0:07:16	1/1/2019 	431344	66.00	8.00	5.93	26.68	102466.45	1846	0	
1139	0:07:17	1/1/2019 	431565	253.00	10.00	10.39	26.68	102466.45	52482	0	
1140	0:07:17	1/1/2019 	432374	937.00	16.00	16.88	26.68	102466.25	3931	1	
1141	0:07:19	1/1/2019 	433487	111.00	9.00	6.89	26.68	102466.19	52483	0	
1142	0:07:19	1/1/2019 	433575	178.00	9.00	8.78	26.68	102466.19	52486	0	
1143	0:07:19	1/1/2019 	433749	384.00	12.00	12.20	26.69	102466.64	1848	0	
1144	0:07:19	1/1/2019 	433853	272.00	10.00	10.70	26.69	102466.64	1847	0	
1145	0:07:20	1/1/2019 	434596	152.00	9.00	8.08	26.69	102466.48	52486	0	
1146	0:07:20	1/1/2019 	435011	216.00	10.00	9.67	26.69	102466.73	1850	0	
1147	0:07:21	1/1/2019 	435473	460.00	13.00	12.91	26.69	102466.86	3793	0	
1148	0:07:22	1/1/2019 	436864	912.00	16.00	16.90	26.70	102467.41	103121	0	
1149	0:07:22	1/1/2019 	436969	677.00	15.00	16.40	26.70	102467.41	1848	0	
1150	0:07:23	1/1/2019 	437941	591.00	14.00	14.66	26.70	102467.70	52485	0	
1151	0:07:23	1/1/2019 	438157	955.00	16.00	16.88	26.70	102467.70	1849	0	
1152	0:07:24	1/1/2019 	438643	369.00	12.00	12.05	26.70	102467.63	52483	0	
1153	0:07:24	1/1/2019 	439198	135.00	9.00	7.59	26.70	102467.31	3793	0	
1154	0:07:25	1/1/2019 	439579	119.00	9.00	7.12	26.70	102467.77	52487	0	
1155	0:07:25	1/1/2019 	439602	104.00	8.00	6.70	26.70	102467.77	2790	0	
1156	0:07:25	1/1/2019 	439895	89.00	9.00	6.32	26.70	102467.44	1846	0	
1157	0:07:25	1/1/2019 	440047	169.00	12.00	8.56	26.70	102467.44	1847	0	
1158	0:07:26	1/1/2019 	440722	369.00	11.00	12.00	26.71	102467.70	52487	0	
1159	0:07:27	1/1/2019 	441552	145.00	9.00	7.88	26.71	102467.50	52486	0	
1160	0:07:27	1/1/2019 	442134	872.00	16.00	16.95	26.71	102467.76	1850	0	
1161	0:07:28	1/1/2019 	442917	953.00	16.00	16.88	26.71	102467.89	54565	0	
1162	0:07:28	1/1/2019 	443084	579.00	15.00	14.54	26.71	102467.89	1847	0	
1163	0:07:28	1/1/2019 	443250	166.00	9.00	8.46	26.72	102468.14	1848	0	
1164	0:07:29	1/1/2019 	443635	775.00	16.00	17.02	26.72	102468.14	52485	0	
1165	0:07:29	1/1/2019 	443956	694.00	15.00	16.56	26.72	102468.14	1847	0	
1166	0:07:29	1/1/2019 	444122	912.00	17.00	17.24	26.72	102468.14	1849	1	
1167	0:07:29	1/1/2019 	444178	140.00	9.00	7.74	26.72	102468.14	3847	0	
1168	0:07:30	1/1/2019 	444624	433.00	13.00	12.69	26.72	102468.43	52485	0	
1169	0:07:30	1/1/2019 	444852	954.00	16.00	16.88	26.72	102468.27	1850	1	
1170	0:07:31	1/1/2019 	445415	188.00	10.00	9.04	26.72	102468.53	1846	0	
1171	0:07:31	1/1/2019 	445474	628.00	9.00	14.35	26.72	102468.53	1848	0	
1172	0:07:31	1/1/2019 	445617	480.00	13.00	13.08	26.72	102468.53	52486	0	
1173	0:07:31	1/1/2019 	446047	294.00	10.00	11.04	26.72	102468.53	1849	0	
1174	0:07:31	1/1/2019 	446133	75.00	8.00	6.05	26.72	102468.53	3793	0	
1175	0:07:32	1/1/2019 	446485	954.00	16.00	16.88	26.72	102468.82	1846	1	
1176	0:07:33	1/1/2019 	447425	765.00	15.00	16.69	26.73	102468.62	52488	0	
1177	0:07:33	1/1/2019 	447619	775.00	15.00	16.68	26.73	102468.62	52494	0	
1178	0:07:33	1/1/2019 	448250	409.00	12.00	12.43	26.73	102468.88	1856	0	
1179	0:07:34	1/1/2019 	448706	603.00	14.00	14.89	26.73	102468.88	52492	0	
1180	0:07:34	1/1/2019 	449052	953.00	16.00	16.88	26.73	102469.01	1854	0	
1181	0:07:34	1/1/2019 	449198	739.00	16.00	17.02	26.73	102469.01	3791	0	
1182	0:07:34	1/1/2019 	449283	207.00	10.00	9.48	26.73	102468.84	1846	0	
1183	0:07:35	1/1/2019 	449888	954.00	16.00	16.88	26.73	102468.78	52484	0	
1184	0:07:36	1/1/2019 	450391	467.00	9.00	12.68	26.73	102468.46	2787	0	
1185	0:07:36	1/1/2019 	450475	762.00	15.00	16.69	26.73	102468.46	1850	0	
1186	0:07:36	1/1/2019 	450653	964.00	12.00	15.31	26.73	102468.46	52484	0	
1187	0:07:36	1/1/2019 	450952	656.00	15.00	16.11	26.74	102468.59	1847	0	
1188	0:07:37	1/1/2019 	451408	101.00	8.00	6.62	26.74	102468.11	3929	0	
1189	0:07:37	1/1/2019 	451987	958.00	16.00	16.88	26.74	102468.20	52483	1	
1190	0:07:37	1/1/2019 	452116	250.00	10.00	10.33	26.74	102468.20	1847	0	
1191	0:07:37	1/1/2019 	452280	645.00	15.00	15.91	26.74	102468.49	1848	0	
1192	0:07:38	1/1/2019 	452563	294.00	11.00	11.07	26.74	102468.49	52486	0	
1193	0:07:38	1/1/2019 	452899	111.00	9.00	6.89	26.74	102468.17	1849	0	
1194	0:07:38	1/1/2019 	453100	929.00	16.00	16.89	26.74	102468.17	1848	0	
1195	0:07:39	1/1/2019 	453924	922.00	16.00	16.89	26.74	102467.78	54430	0	
1196	0:07:39	1/1/2019 	454312	371.00	12.00	12.07	26.75	102467.91	1847	0	
1197	0:07:40	1/1/2019 	454599	137.00	9.00	7.65	26.75	102467.91	52483	0	
1198	0:07:40	1/1/2019 	454756	297.00	11.00	11.11	26.75	102467.59	1849	0	
1199	0:07:40	1/1/2019 	455268	938.00	16.00	16.88	26.75	102467.72	1848	0	
1200	0:07:41	1/1/2019 	456009	554.00	14.00	14.01	26.75	102467.65	52484	0	
1201	0:07:41	1/1/2019 	456150	604.00	15.00	15.06	26.75	102467.65	1849	0	
1202	0:07:42	1/1/2019 	456432	274.00	10.00	10.74	26.75	102467.48	3793	0	
1203	0:07:42	1/1/2019 	456475	864.00	16.00	16.96	26.75	102467.48	1850	0	
1204	0:07:43	1/1/2019 	457440	953.00	16.00	16.88	26.75	102467.13	52484	0	
1205	0:07:43	1/1/2019 	457660	87.00	8.00	6.28	26.75	102467.13	52485	0	
1206	0:07:43	1/1/2019 	457845	913.00	16.00	16.90	26.76	102467.23	1846	0	
1207	0:07:43	1/1/2019 	458229	957.00	16.00	16.88	26.76	102467.23	1847	1	
1208	0:07:45	1/1/2019 	459701	548.00	14.00	13.92	26.76	102466.88	103129	0	
1209	0:07:45	1/1/2019 	459905	949.00	16.00	16.88	26.76	102466.97	4877	1	
1210	0:07:45	1/1/2019 	459969	737.00	15.00	16.70	26.76	102466.97	1847	0	
1211	0:07:46	1/1/2019 	460454	177.00	9.00	8.75	26.76	102466.81	1848	0	
1212	0:07:46	1/1/2019 	460588	648.00	14.00	15.76	26.76	102466.81	52489	0	
1213	0:07:46	1/1/2019 	460977	137.00	9.00	7.65	26.76	102466.94	1849	0	
1214	0:07:46	1/1/2019 	461124	575.00	14.00	14.36	26.76	102466.94	1848	0	
1215	0:07:47	1/1/2019 	461627	923.00	16.00	16.89	26.77	102467.20	52486	0	
1216	0:07:47	1/1/2019 	461646	185.00	9.00	8.95	26.77	102467.20	3791	0	
1217	0:07:47	1/1/2019 	461865	63.00	8.00	5.91	26.77	102466.88	1851	0	
1218	0:07:48	1/1/2019 	462571	423.00	12.00	12.55	26.77	102467.16	52490	0	
1219	0:07:48	1/1/2019 	463081	957.00	16.00	16.88	26.77	102466.84	1849	0	
1220	0:07:48	1/1/2019 	463086	960.00	15.00	16.52	26.77	102466.84	1847	1	
1221	0:07:49	1/1/2019 	464201	92.00	8.00	6.39	26.77	102467.06	52486	0	
1222	0:07:49	1/1/2019 	464208	61.00	8.00	5.90	26.77	102467.06	1847	0	
1223	0:07:49	1/1/2019 	464322	957.00	15.00	16.52	26.77	102466.90	3791	0	
1224	0:07:50	1/1/2019 	464461	79.00	8.00	6.12	26.77	102466.90	1848	0	
1225	0:07:51	1/1/2019 	466028	824.00	15.00	16.64	26.78	102467.12	103125	0	
1226	0:07:51	1/1/2019 	466311	418.00	10.00	12.39	26.78	102466.64	1855	0	
1227	0:07:52	1/1/2019 	466466	385.00	12.00	12.21	26.78	102466.64	1849	0	
1228	0:07:53	1/1/2019 	467940	191.00	9.00	9.10	26.78	102466.86	103121	0	
1229	0:07:54	1/1/2019 	468801	61.00	8.00	5.90	26.78	102466.99	52485	0	
1230	0:07:54	1/1/2019 	469180	959.00	15.00	16.52	26.78	102466.99	3790	1	
1231	0:07:54	1/1/2019 	469265	85.00	8.00	6.24	26.79	102467.09	1848	0	
1232	0:07:54	1/1/2019 	469287	779.00	14.00	16.32	26.79	102467.09	1846	0	
1233	0:07:55	1/1/2019 	469581	765.00	15.00	16.69	26.79	102467.09	52487	0	
1234	0:07:55	1/1/2019 	469753	780.00	15.00	16.68	26.79	102466.77	2790	0	
1235	0:07:55	1/1/2019 	470217	92.00	8.00	6.39	26.79	102466.77	1849	0	
1236	0:07:56	1/1/2019 	470438	199.00	10.00	9.30	26.79	102466.89	1845	0	
1237	0:07:56	1/1/2019 	470442	67.00	8.00	5.94	26.79	102466.89	3931	0	
1238	0:07:56	1/1/2019 	470620	956.00	16.00	16.88	26.79	102466.89	52485	0	
1239	0:07:57	1/1/2019 	471397	396.00	12.00	12.31	26.79	102467.15	1847	0	
1240	0:07:57	1/1/2019 	471820	956.00	16.00	16.88	26.79	102467.44	52485	0	
1241	0:07:57	1/1/2019 	472216	734.00	15.00	16.69	26.79	102467.44	1847	0	
1242	0:07:57	1/1/2019 	472256	655.00	15.00	16.09	26.79	102467.12	1849	0	
1243	0:07:58	1/1/2019 	472671	677.00	15.00	16.40	26.79	102467.12	52486	0	
1244	0:07:58	1/1/2019 	472890	950.00	17.00	17.22	26.80	102467.25	3795	0	
1245	0:07:58	1/1/2019 	473366	554.00	14.00	14.01	26.80	102467.09	1849	0	
1246	0:07:59	1/1/2019 	473939	913.00	16.00	16.90	26.80	102467.34	52486	0	
1247	0:08:00	1/1/2019 	474673	955.00	15.00	16.52	26.80	102467.19	52485	0	
1248	0:08:00	1/1/2019 	474880	155.00	9.00	8.16	26.80	102467.31	1851	0	
1249	0:08:00	1/1/2019 	475078	393.00	12.00	12.29	26.80	102467.31	1847	0	
1250	0:08:01	1/1/2019 	475434	944.00	16.00	16.88	26.80	102467.56	1848	1	
1251	0:08:01	1/1/2019 	476031	96.00	9.00	6.49	26.80	102467.41	54483	0	
1252	0:08:01	1/1/2019 	476082	127.00	9.00	7.36	26.80	102467.41	1847	0	
1253	0:08:01	1/1/2019 	476305	417.00	12.00	12.50	26.81	102467.70	1848	1	
1254	0:08:02	1/1/2019 	476773	897.00	16.00	16.92	26.81	102467.38	52488	0	
1255	0:08:02	1/1/2019 	477106	84.00	9.00	6.22	26.81	102467.38	1854	0	
1256	0:08:03	1/1/2019 	478083	952.00	16.00	16.88	26.81	102467.76	52490	0	
1257	0:08:04	1/1/2019 	478377	103.00	8.00	6.67	26.81	102467.44	1847	0	
1258	0:08:04	1/1/2019 	478390	232.00	10.00	10.00	26.81	102467.44	3790	0	
1259	0:08:04	1/1/2019 	478428	880.00	16.00	16.94	26.81	102467.44	1849	0	
1260	0:08:04	1/1/2019 	478593	92.00	9.00	6.39	26.81	102467.44	52485	0	
1261	0:08:04	1/1/2019 	479075	904.00	16.00	16.91	26.81	102467.37	1848	0	
1262	0:08:04	1/1/2019 	479247	650.00	15.00	16.00	26.81	102467.05	1847	0	
1263	0:08:05	1/1/2019 	479432	906.00	16.00	16.91	26.81	102467.05	1849	0	
1264	0:08:05	1/1/2019 	479492	69.00	7.00	5.96	26.81	102467.05	1847	0	
