501	15:13:21.489107	2021/11/09	144883	379.00	6.00	11.82	28.07	101368.15	52456	0	Tsung-DaoLee	
502	15:13:21.566119	2021/11/09	144959	193.00	6.00	9.12	28.07	101368.15	1824	0	Tsung-DaoLee	
503	15:13:22.071062	2021/11/09	145465	920.00	113.00	32.55	28.07	101368.15	1823	0	Tsung-DaoLee	
504	15:13:22.093642	2021/11/09	145488	94.00	6.00	6.44	28.07	101368.15	1825	0	Tsung-DaoLee	
505	15:13:22.186233	2021/11/09	145582	530.00	7.00	12.96	28.07	101368.15	54436	0	Tsung-DaoLee	
506	15:13:22.206847	2021/11/09	145603	93.00	6.00	6.41	28.07	101368.15	1824	0	Tsung-DaoLee	
507	15:13:22.326093	2021/11/09	145726	783.00	39.00	21.34	28.07	101368.15	1822	0	Tsung-DaoLee	
508	15:13:22.750361	2021/11/09	146143	78.00	6.00	6.10	28.07	101367.98	1824	0	Tsung-DaoLee	
509	15:13:23.361516	2021/11/09	146758	68.00	6.00	5.95	28.07	101368.27	52459	0	Tsung-DaoLee	
510	15:13:23.381868	2021/11/09	146776	65.00	6.00	5.92	28.07	101368.27	1823	0	Tsung-DaoLee	
511	15:13:23.709933	2021/11/09	147103	693.00	16.00	16.82	28.07	101368.11	1823	0	Tsung-DaoLee	
512	15:13:24.160191	2021/11/09	147554	182.00	6.00	8.85	28.07	101368.51	54438	0	Tsung-DaoLee	
513	15:13:24.162254	2021/11/09	147558	102.00	6.00	6.64	28.07	101368.51	1823	0	Tsung-DaoLee	
514	15:13:24.337573	2021/11/09	147736	952.00	227.00	47.93	28.07	101368.51	1823	0	Tsung-DaoLee	
515	15:13:24.429864	2021/11/09	147822	114.00	6.00	6.97	28.07	101368.51	1824	0	Tsung-DaoLee	
516	15:13:24.450363	2021/11/09	147848	852.00	54.00	22.99	28.07	101368.51	1822	0	Tsung-DaoLee	
517	15:13:24.623121	2021/11/09	148018	179.00	6.00	8.78	28.07	101368.51	1824	0	Tsung-DaoLee	
518	15:13:26.453729	2021/11/09	149853	59.00	6.00	5.88	28.08	101367.81	103094	0	Tsung-DaoLee	
519	15:13:26.549814	2021/11/09	149944	952.00	259.00	51.28	28.08	101367.81	2575	0	Tsung-DaoLee	
520	15:13:26.813187	2021/11/09	150208	948.00	546.00	93.73	28.08	101368.09	3941	0	Tsung-DaoLee	
521	15:13:27.424056	2021/11/09	150819	891.00	85.00	27.25	28.08	101367.92	52459	0	Tsung-DaoLee	
522	15:13:27.654642	2021/11/09	151054	658.00	11.00	15.15	28.08	101367.92	1824	0	Tsung-DaoLee	
523	15:13:28.430338	2021/11/09	151824	146.00	6.00	7.89	28.08	101367.69	52461	0	Tsung-DaoLee	
524	15:13:28.801802	2021/11/09	152201	422.00	6.00	12.14	28.08	101367.69	1822	0	Tsung-DaoLee	
525	15:13:29.068413	2021/11/09	152463	273.00	6.00	10.61	28.08	101367.52	1824	0	Tsung-DaoLee	
526	15:13:30.053931	2021/11/09	153454	544.00	7.00	13.08	28.08	101367.48	52459	0	Tsung-DaoLee	
527	15:13:30.453868	2021/11/09	153848	130.00	6.00	7.43	28.08	101367.48	54494	0	Tsung-DaoLee	
528	15:13:31.363433	2021/11/09	154755	667.00	12.00	15.50	28.09	101367.72	52457	0	Tsung-DaoLee	
529	15:13:31.713855	2021/11/09	155106	717.00	19.00	17.77	28.09	101368.00	1824	0	Tsung-DaoLee	
530	15:13:32.154776	2021/11/09	155554	567.00	7.00	13.31	28.09	101367.84	52459	0	Tsung-DaoLee	
531	15:13:32.224646	2021/11/09	155618	692.00	16.00	16.81	28.09	101367.84	1824	0	Tsung-DaoLee	
532	15:13:32.267475	2021/11/09	155663	190.00	6.00	9.05	28.09	101367.84	1822	0	Tsung-DaoLee	
533	15:13:32.703388	2021/11/09	156101	764.00	34.00	20.69	28.09	101368.27	1822	0	Tsung-DaoLee	
534	15:13:32.805604	2021/11/09	156198	172.00	6.00	8.60	28.09	101368.27	3805	0	Tsung-DaoLee	
535	15:13:32.867024	2021/11/09	156263	713.00	19.00	17.74	28.09	101368.27	1822	0	Tsung-DaoLee	
536	15:13:32.877235	2021/11/09	156275	953.00	246.00	49.82	28.09	101368.27	1825	0	Tsung-DaoLee	
537	15:13:33.602893	2021/11/09	156998	963.00	786.00	140.23	28.09	101367.95	52459	0	Tsung-DaoLee	
538	15:13:34.428347	2021/11/09	157824	108.00	6.00	6.80	28.09	101368.19	52458	0	Tsung-DaoLee	
539	15:13:34.459033	2021/11/09	157856	949.00	163.00	41.22	28.09	101368.19	1824	1	Tsung-DaoLee	
540	15:13:34.470194	2021/11/09	157863	952.00	340.00	64.06	28.09	101368.19	1824	0	Tsung-DaoLee	
541	15:13:34.541012	2021/11/09	157936	435.00	7.00	12.30	28.09	101368.19	3803	0	Tsung-DaoLee	
542	15:13:34.571755	2021/11/09	157970	333.00	6.00	11.38	28.09	101368.19	1824	0	Tsung-DaoLee	
543	15:13:34.713956	2021/11/09	158106	944.00	167.00	41.76	28.09	101368.19	1823	0	Tsung-DaoLee	
544	15:13:34.745707	2021/11/09	158139	363.00	7.00	11.74	28.09	101368.19	1825	0	Tsung-DaoLee	
545	15:13:34.766162	2021/11/09	158162	137.00	7.00	7.64	28.09	101368.19	1824	0	Tsung-DaoLee	
546	15:13:35.030629	2021/11/09	158425	681.00	14.00	16.18	28.09	101368.03	1824	0	Tsung-DaoLee	
547	15:13:35.668689	2021/11/09	159066	223.00	6.00	9.76	28.10	101368.30	52460	0	Tsung-DaoLee	
548	15:13:35.758715	2021/11/09	159151	67.00	6.00	5.94	28.10	101368.30	3802	0	Tsung-DaoLee	
549	15:13:36.030607	2021/11/09	159427	425.00	6.00	12.16	28.10	101368.30	1823	0	Tsung-DaoLee	
550	15:13:36.061074	2021/11/09	159454	873.00	70.00	24.92	28.10	101368.30	1823	0	Tsung-DaoLee	
551	15:13:36.338617	2021/11/09	159739	191.00	1.00	9.00	28.10	101368.30	52459	0	Tsung-DaoLee	
552	15:13:36.379567	2021/11/09	159779	952.00	354.00	66.60	28.10	101368.30	2563	0	Tsung-DaoLee	
553	15:13:36.770429	2021/11/09	160167	180.00	6.00	8.80	28.10	101367.98	1824	0	Tsung-DaoLee	
554	15:13:37.014917	2021/11/09	160413	306.00	6.00	11.06	28.10	101368.27	1824	0	Tsung-DaoLee	
555	15:13:37.381819	2021/11/09	160776	932.00	123.00	34.51	28.10	101368.27	54576	1	Tsung-DaoLee	
556	15:13:37.537598	2021/11/09	160936	400.00	6.00	11.98	28.10	101368.27	1825	0	Tsung-DaoLee	
557	15:13:37.858209	2021/11/09	161252	948.00	329.00	62.07	28.10	101368.27	1823	1	Tsung-DaoLee	
558	15:13:38.102929	2021/11/09	161500	672.00	13.00	15.82	28.10	101368.27	1825	0	Tsung-DaoLee	
559	15:13:39.023868	2021/11/09	162422	654.00	11.00	15.11	28.10	101368.50	52461	0	Tsung-DaoLee	
560	15:13:39.546487	2021/11/09	162946	952.00	281.00	54.15	28.10	101368.50	52461	0	Tsung-DaoLee	
561	15:13:40.324912	2021/11/09	163720	72.00	6.00	6.00	28.10	101368.62	52461	0	Tsung-DaoLee	
562	15:13:40.486834	2021/11/09	163879	891.00	76.00	25.81	28.10	101368.62	3802	0	Tsung-DaoLee	
563	15:13:40.693981	2021/11/09	164094	456.00	7.00	12.44	28.10	101368.45	1824	0	Tsung-DaoLee	
564	15:13:40.806737	2021/11/09	164204	947.00	133.00	36.38	28.10	101368.45	1825	0	Tsung-DaoLee	
565	15:13:41.104515	2021/11/09	164499	95.00	6.00	6.46	28.10	101368.45	1824	0	Tsung-DaoLee	
566	15:13:41.174513	2021/11/09	164568	540.00	7.00	13.05	28.10	101368.45	52459	0	Tsung-DaoLee	
567	15:13:41.605605	2021/11/09	165003	424.00	7.00	12.23	28.11	101368.86	1823	0	Tsung-DaoLee	
568	15:13:41.677316	2021/11/09	165075	64.00	5.00	5.91	28.11	101368.86	1825	0	Tsung-DaoLee	
569	15:13:41.908646	2021/11/09	165301	335.00	6.00	11.40	28.11	101368.70	3800	0	Tsung-DaoLee	
570	15:13:42.009486	2021/11/09	165407	57.00	6.00	5.88	28.11	101368.70	1823	0	Tsung-DaoLee	
571	15:13:43.206023	2021/11/09	166605	546.00	7.00	13.10	28.11	101368.66	103095	0	Tsung-DaoLee	
572	15:13:43.246701	2021/11/09	166642	950.00	281.00	54.15	28.11	101368.66	1824	0	Tsung-DaoLee	
573	15:13:43.716435	2021/11/09	167109	87.00	6.00	6.28	28.11	101368.92	1823	0	Tsung-DaoLee	
574	15:13:44.046606	2021/11/09	167439	74.00	6.00	6.03	28.11	101368.61	1822	0	Tsung-DaoLee	
575	15:13:44.046606	2021/11/09	167442	560.00	7.00	13.24	28.11	101368.61	1822	0	Tsung-DaoLee	
576	15:13:44.056850	2021/11/09	167451	948.00	188.00	44.23	28.11	101368.61	3857	0	Tsung-DaoLee	
577	15:13:44.273190	2021/11/09	167668	952.00	246.00	49.82	28.11	101368.61	52459	0	Tsung-DaoLee	
578	15:13:44.293690	2021/11/09	167691	140.00	6.00	7.72	28.11	101368.61	1824	0	Tsung-DaoLee	
579	15:13:44.324441	2021/11/09	167718	151.00	6.00	8.03	28.11	101368.61	1822	0	Tsung-DaoLee	
580	15:13:44.703580	2021/11/09	168096	262.00	6.00	10.44	28.11	101368.84	1822	0	Tsung-DaoLee	
581	15:13:45.001090	2021/11/09	168394	557.00	7.00	13.21	28.11	101368.69	1824	0	Tsung-DaoLee	
582	15:13:45.367974	2021/11/09	168761	177.00	6.00	8.73	28.11	101368.69	52461	0	Tsung-DaoLee	
583	15:13:45.962242	2021/11/09	169361	432.00	7.00	12.28	28.12	101368.64	3802	0	Tsung-DaoLee	
584	15:13:46.356560	2021/11/09	169750	207.00	6.00	9.43	28.12	101368.31	52460	0	Tsung-DaoLee	
585	15:13:46.539655	2021/11/09	169933	748.00	29.00	19.92	28.12	101368.31	2573	0	Tsung-DaoLee	
586	15:13:46.572062	2021/11/09	169972	869.00	64.00	24.14	28.12	101368.43	1824	0	Tsung-DaoLee	
587	15:13:47.209406	2021/11/09	170605	121.00	6.00	7.17	28.12	101368.11	52460	0	Tsung-DaoLee	
588	15:13:47.631117	2021/11/09	171025	223.00	6.00	9.76	28.12	101367.62	1824	0	Tsung-DaoLee	
589	15:13:47.641426	2021/11/09	171041	349.00	6.00	11.55	28.12	101367.62	1828	0	Tsung-DaoLee	
590	15:13:48.292079	2021/11/09	171690	708.00	17.00	17.20	28.12	101367.70	54584	0	Tsung-DaoLee	
591	15:13:48.411108	2021/11/09	171808	219.00	6.00	9.68	28.12	101367.70	1824	0	Tsung-DaoLee	
592	15:13:48.431650	2021/11/09	171830	950.00	305.00	57.88	28.12	101367.70	1822	1	Tsung-DaoLee	
593	15:13:48.503955	2021/11/09	171897	129.00	6.00	7.40	28.12	101367.70	1824	0	Tsung-DaoLee	
594	15:13:48.725719	2021/11/09	172125	263.00	6.00	10.46	28.12	101367.38	1823	0	Tsung-DaoLee	
595	15:13:49.247466	2021/11/09	172640	129.00	6.00	7.40	28.12	101367.33	52465	0	Tsung-DaoLee	
596	15:13:49.427784	2021/11/09	172826	93.00	6.00	6.41	28.12	101367.33	1822	0	Tsung-DaoLee	
597	15:13:49.487394	2021/11/09	172880	124.00	10.00	7.27	28.12	101367.33	3801	0	Tsung-DaoLee	
598	15:13:49.816805	2021/11/09	173212	559.00	7.00	13.23	28.12	101367.57	1824	0	Tsung-DaoLee	
599	15:13:50.042341	2021/11/09	173441	676.00	13.00	15.86	28.12	101367.57	1824	0	Tsung-DaoLee	
600	15:13:50.573811	2021/11/09	173968	78.00	6.00	6.10	28.12	101367.25	52460	0	Tsung-DaoLee	
601	15:13:51.014443	2021/11/09	174406	774.00	35.00	20.85	28.12	101366.92	1822	0	Tsung-DaoLee	
602	15:13:51.317021	2021/11/09	174711	556.00	7.00	13.20	28.12	101366.92	52462	0	Tsung-DaoLee	
603	15:13:51.707577	2021/11/09	175099	336.00	7.00	11.46	28.13	101367.20	1823	0	Tsung-DaoLee	
604	15:13:52.161636	2021/11/09	175556	62.00	6.00	5.90	28.13	101367.04	54440	0	Tsung-DaoLee	
605	15:13:52.277969	2021/11/09	175670	83.00	6.00	6.19	28.13	101367.04	1822	0	Tsung-DaoLee	
606	15:13:52.318519	2021/11/09	175718	318.00	6.00	11.21	28.13	101367.04	1822	0	Tsung-DaoLee	
607	15:13:52.386604	2021/11/09	175783	580.00	8.00	13.61	28.13	101367.04	1823	0	Tsung-DaoLee	
608	15:13:52.438137	2021/11/09	175830	694.00	16.00	16.83	28.13	101367.00	1821	0	Tsung-DaoLee	
609	15:13:52.613640	2021/11/09	176011	129.00	6.00	7.40	28.13	101367.00	1823	0	Tsung-DaoLee	
610	15:13:52.787484	2021/11/09	176183	80.00	6.00	6.13	28.13	101367.00	1823	0	Tsung-DaoLee	
611	15:13:52.983754	2021/11/09	176376	950.00	300.00	57.06	28.13	101367.00	3802	1	Tsung-DaoLee	
612	15:13:53.694529	2021/11/09	177088	947.00	161.00	40.94	28.13	101367.23	52462	1	Tsung-DaoLee	
613	15:13:54.104053	2021/11/09	177497	379.00	6.00	11.82	28.13	101367.08	1826	0	Tsung-DaoLee	
614	15:13:54.863672	2021/11/09	178256	117.00	10.00	7.07	28.13	101367.36	52460	0	Tsung-DaoLee	
615	15:13:55.193475	2021/11/09	178589	888.00	84.00	27.08	28.13	101367.19	52463	1	Tsung-DaoLee	
616	15:13:55.396171	2021/11/09	178790	585.00	8.00	13.66	28.13	101367.19	1823	0	Tsung-DaoLee	
617	15:13:55.480063	2021/11/09	178879	462.00	6.00	12.38	28.13	101367.19	1821	0	Tsung-DaoLee	
618	15:13:56.064621	2021/11/09	179464	366.00	7.00	11.77	28.14	101367.27	3803	0	Tsung-DaoLee	
619	15:13:56.292696	2021/11/09	179687	355.00	6.00	11.61	28.14	101366.95	52464	0	Tsung-DaoLee	
620	15:13:56.466871	2021/11/09	179867	839.00	51.00	22.67	28.14	101366.95	2573	0	Tsung-DaoLee	
621	15:13:56.661876	2021/11/09	180058	114.00	6.00	6.97	28.14	101366.95	1823	0	Tsung-DaoLee	
622	15:13:56.876983	2021/11/09	180270	714.00	20.00	17.98	28.14	101366.62	1823	0	Tsung-DaoLee	
623	15:13:57.194448	2021/11/09	180590	949.00	184.00	43.80	28.14	101366.62	52468	0	Tsung-DaoLee	
624	15:13:57.347438	2021/11/09	180741	120.00	6.00	7.14	28.14	101367.06	1829	0	Tsung-DaoLee	
625	15:13:57.513734	2021/11/09	180910	119.00	6.00	7.11	28.14	101367.06	1822	0	Tsung-DaoLee	
626	15:13:57.667306	2021/11/09	181065	257.00	6.00	10.36	28.14	101367.06	3939	0	Tsung-DaoLee	
627	15:13:57.872335	2021/11/09	181271	950.00	270.00	52.65	28.14	101366.90	1823	0	Tsung-DaoLee	
628	15:13:58.518755	2021/11/09	181915	85.00	6.00	6.23	28.14	101367.17	52461	0	Tsung-DaoLee	
629	15:13:58.549559	2021/11/09	181942	870.00	62.00	23.90	28.14	101367.17	1822	0	Tsung-DaoLee	
630	15:13:59.418887	2021/11/09	182812	678.00	14.00	16.15	28.14	101366.86	52462	0	Tsung-DaoLee	
631	15:14:00.401201	2021/11/09	183800	239.00	6.00	10.06	28.14	101367.26	52465	0	Tsung-DaoLee	
632	15:14:00.442305	2021/11/09	183834	909.00	97.00	29.44	28.14	101367.26	1824	0	Tsung-DaoLee	
633	15:14:00.544935	2021/11/09	183939	705.00	18.00	17.43	28.14	101367.09	3803	0	Tsung-DaoLee	
634	15:14:00.791574	2021/11/09	184189	138.00	6.00	7.66	28.14	101367.09	1824	0	Tsung-DaoLee	
635	15:14:01.346060	2021/11/09	184738	684.00	14.00	16.20	28.15	101367.22	52462	0	Tsung-DaoLee	
636	15:14:01.498420	2021/11/09	184892	444.00	7.00	12.36	28.15	101367.22	1824	0	Tsung-DaoLee	
637	15:14:01.541601	2021/11/09	184933	951.00	161.00	40.94	28.15	101366.89	1824	0	Tsung-DaoLee	
638	15:14:01.658117	2021/11/09	185050	109.00	6.00	6.83	28.15	101366.89	1824	0	Tsung-DaoLee	
639	15:14:01.885495	2021/11/09	185281	925.00	116.00	33.15	28.15	101366.89	1824	0	Tsung-DaoLee	
640	15:14:01.952505	2021/11/09	185346	449.00	7.00	12.39	28.15	101366.89	3803	0	Tsung-DaoLee	
641	15:14:02.165814	2021/11/09	185559	77.00	6.00	6.08	28.15	101366.73	52463	0	Tsung-DaoLee	
642	15:14:02.198595	2021/11/09	185594	840.00	51.00	22.67	28.15	101366.73	1822	0	Tsung-DaoLee	
643	15:14:02.545028	2021/11/09	185937	163.00	6.00	8.36	28.15	101366.73	1823	0	Tsung-DaoLee	
644	15:14:02.905759	2021/11/09	186305	426.00	7.00	12.24	28.15	101366.84	1823	0	Tsung-DaoLee	
645	15:14:03.523199	2021/11/09	186916	552.00	7.00	13.16	28.15	101366.52	52462	0	Tsung-DaoLee	
646	15:14:05.263058	2021/11/09	188658	445.00	7.00	12.37	28.15	101366.11	103099	0	Tsung-DaoLee	
647	15:14:05.386456	2021/11/09	188779	925.00	111.00	32.17	28.15	101366.39	3803	0	Tsung-DaoLee	
648	15:14:05.876253	2021/11/09	189269	947.00	317.00	59.93	28.15	101366.23	1823	0	Tsung-DaoLee	
649	15:14:06.408110	2021/11/09	189803	613.00	9.00	14.18	28.16	101366.47	52464	0	Tsung-DaoLee	
650	15:14:06.571752	2021/11/09	189970	115.00	6.00	7.00	28.16	101366.47	2574	0	Tsung-DaoLee	
651	15:14:07.010200	2021/11/09	190402	947.00	144.00	38.31	28.16	101366.47	1823	0	Tsung-DaoLee	
652	15:14:07.074078	2021/11/09	190470	148.00	6.00	7.95	28.16	101366.47	1824	0	Tsung-DaoLee	
653	15:14:07.433175	2021/11/09	190830	778.00	39.00	21.32	28.16	101366.30	52461	0	Tsung-DaoLee	
654	15:14:07.480174	2021/11/09	190879	184.00	6.00	8.90	28.16	101366.30	3941	0	Tsung-DaoLee	
655	15:14:07.736581	2021/11/09	191129	896.00	91.00	28.31	28.16	101366.30	1822	0	Tsung-DaoLee	
656	15:14:07.747552	2021/11/09	191140	147.00	6.00	7.92	28.16	101366.30	1825	0	Tsung-DaoLee	
657	15:14:08.324054	2021/11/09	191721	766.00	37.00	21.05	28.16	101366.91	52459	0	Tsung-DaoLee	
658	15:14:08.395385	2021/11/09	191794	56.00	6.00	5.88	28.16	101366.91	1824	0	Tsung-DaoLee	
659	15:14:09.898670	2021/11/09	193293	624.00	10.00	14.53	28.16	101366.70	52459	0	Tsung-DaoLee	
660	15:14:09.980315	2021/11/09	193373	529.00	7.00	12.95	28.16	101366.70	1824	0	Tsung-DaoLee	
661	15:14:10.070712	2021/11/09	193464	734.00	24.00	18.97	28.16	101366.70	3861	0	Tsung-DaoLee	
662	15:14:10.584657	2021/11/09	193977	424.00	6.00	12.15	28.16	101366.38	52459	0	Tsung-DaoLee	
663	15:14:10.635690	2021/11/09	194030	96.00	6.00	6.49	28.16	101366.62	1828	0	Tsung-DaoLee	
664	15:14:10.816787	2021/11/09	194213	657.00	11.00	15.14	28.16	101366.62	1827	0	Tsung-DaoLee	
665	15:14:11.021679	2021/11/09	194414	651.00	11.00	15.08	28.16	101366.62	1829	0	Tsung-DaoLee	
666	15:14:11.042171	2021/11/09	194441	828.00	53.00	22.85	28.16	101366.62	1828	0	Tsung-DaoLee	
667	15:14:11.070841	2021/11/09	194464	153.00	6.00	8.09	28.16	101366.62	1828	0	Tsung-DaoLee	
668	15:14:11.357866	2021/11/09	194751	142.00	6.00	7.78	28.16	101366.30	54444	0	Tsung-DaoLee	
669	15:14:11.513636	2021/11/09	194911	545.00	7.00	13.09	28.16	101366.30	1822	0	Tsung-DaoLee	
670	15:14:11.616081	2021/11/09	195010	52.00	6.00	5.89	28.16	101366.30	1824	0	Tsung-DaoLee	
671	15:14:11.933525	2021/11/09	195328	681.00	14.00	16.18	28.16	101366.13	1822	0	Tsung-DaoLee	
672	15:14:12.169076	2021/11/09	195563	955.00	342.00	64.42	28.16	101366.13	52459	0	Tsung-DaoLee	
673	15:14:12.536712	2021/11/09	195928	73.00	6.00	6.02	28.17	101366.41	1824	0	Tsung-DaoLee	
674	15:14:12.855894	2021/11/09	196249	634.00	10.00	14.65	28.17	101366.25	1822	0	Tsung-DaoLee	
675	15:14:13.009927	2021/11/09	196402	498.00	7.00	12.71	28.17	101366.25	3806	0	Tsung-DaoLee	
676	15:14:13.071339	2021/11/09	196466	304.00	7.00	11.08	28.17	101366.25	1823	0	Tsung-DaoLee	
677	15:14:13.102097	2021/11/09	196497	74.00	6.00	6.03	28.17	101366.25	1823	0	Tsung-DaoLee	
678	15:14:13.339276	2021/11/09	196738	64.00	6.00	5.91	28.17	101366.52	52457	0	Tsung-DaoLee	
679	15:14:13.666872	2021/11/09	197059	161.00	6.00	8.31	28.17	101366.52	1821	0	Tsung-DaoLee	
680	15:14:13.798116	2021/11/09	197190	947.00	134.00	36.57	28.17	101366.52	1824	0	Tsung-DaoLee	
681	15:14:13.810385	2021/11/09	197203	805.00	43.00	21.81	28.17	101366.52	1824	0	Tsung-DaoLee	
682	15:14:14.158598	2021/11/09	197551	67.00	6.00	5.94	28.17	101366.52	54443	0	Tsung-DaoLee	
683	15:14:14.985763	2021/11/09	198384	72.00	6.00	6.00	28.17	101366.77	1875	0	Tsung-DaoLee	
684	15:14:15.034948	2021/11/09	198427	327.00	6.00	11.31	28.17	101366.77	1823	0	Tsung-DaoLee	
685	15:14:15.505166	2021/11/09	198898	72.00	6.00	6.00	28.17	101366.61	52462	0	Tsung-DaoLee	
686	15:14:15.773436	2021/11/09	199168	85.00	6.00	6.23	28.17	101366.61	1822	0	Tsung-DaoLee	
687	15:14:15.804153	2021/11/09	199196	278.00	6.00	10.69	28.17	101366.61	1823	0	Tsung-DaoLee	
688	15:14:15.906393	2021/11/09	199299	952.00	313.00	59.24	28.17	101366.61	1823	0	Tsung-DaoLee	
689	15:14:16.460010	2021/11/09	199854	462.00	7.00	12.48	28.17	101366.61	54445	0	Tsung-DaoLee	
690	15:14:17.094634	2021/11/09	200486	298.00	6.00	10.96	28.17	101367.05	2771	0	Tsung-DaoLee	
691	15:14:17.256652	2021/11/09	200649	60.00	5.00	5.89	28.17	101367.05	52464	0	Tsung-DaoLee	
692	15:14:17.441241	2021/11/09	200834	951.00	170.00	42.14	28.17	101367.05	1822	0	Tsung-DaoLee	
693	15:14:17.492220	2021/11/09	200885	949.00	146.00	38.64	28.17	101367.05	1824	1	Tsung-DaoLee	
694	15:14:17.979310	2021/11/09	201378	237.00	6.00	10.02	28.17	101366.88	1824	0	Tsung-DaoLee	
695	15:14:18.038655	2021/11/09	201431	85.00	6.00	6.23	28.17	101366.88	1823	0	Tsung-DaoLee	
696	15:14:18.438357	2021/11/09	201831	440.00	7.00	12.34	28.18	101367.12	54580	0	Tsung-DaoLee	
697	15:14:18.773730	2021/11/09	202169	235.00	6.00	9.98	28.18	101367.12	1829	0	Tsung-DaoLee	
698	15:14:19.799682	2021/11/09	203191	875.00	65.00	24.27	28.18	101367.24	52465	0	Tsung-DaoLee	
699	15:14:20.703204	2021/11/09	204098	909.00	100.00	30.01	28.18	101367.08	52463	0	Tsung-DaoLee	
700	15:14:21.563597	2021/11/09	204955	92.00	6.00	6.39	28.18	101367.03	52462	0	Tsung-DaoLee	
701	15:14:21.960407	2021/11/09	205359	99.00	6.00	6.56	28.18	101367.44	1822	0	Tsung-DaoLee	
702	15:14:22.442483	2021/11/09	205834	61.00	6.00	5.89	28.18	101367.27	52461	0	Tsung-DaoLee	
703	15:14:22.778196	2021/11/09	206173	759.00	33.00	20.54	28.18	101367.27	3805	0	Tsung-DaoLee	
704	15:14:23.031717	2021/11/09	206425	61.00	6.00	5.89	28.18	101366.79	1825	0	Tsung-DaoLee	
705	15:14:23.550906	2021/11/09	206946	953.00	315.00	59.59	28.19	101367.06	52459	0	Tsung-DaoLee	
706	15:14:23.651198	2021/11/09	207043	703.00	18.00	17.42	28.19	101367.06	1825	0	Tsung-DaoLee	
707	15:14:24.083208	2021/11/09	207482	109.00	6.00	6.83	28.19	101366.74	1825	0	Tsung-DaoLee	
708	15:14:24.316699	2021/11/09	207708	757.00	29.00	19.96	28.19	101366.74	52461	0	Tsung-DaoLee	
709	15:14:24.462472	2021/11/09	207857	929.00	117.00	33.34	28.19	101366.74	1824	0	Tsung-DaoLee	
710	15:14:24.480950	2021/11/09	207873	64.00	6.00	5.91	28.19	101366.74	3860	0	Tsung-DaoLee	
711	15:14:24.483000	2021/11/09	207877	390.00	7.00	11.98	28.19	101366.74	1821	0	Tsung-DaoLee	
712	15:14:24.601408	2021/11/09	207999	80.00	6.00	6.13	28.19	101367.18	1823	0	Tsung-DaoLee	
713	15:14:24.755128	2021/11/09	208146	949.00	230.00	48.22	28.19	101367.18	2133	1	Tsung-DaoLee	
714	15:14:24.814498	2021/11/09	208206	953.00	317.00	59.93	28.19	101367.18	1824	0	Tsung-DaoLee	
715	15:14:24.947682	2021/11/09	208339	422.00	6.00	12.14	28.19	101367.18	1824	0	Tsung-DaoLee	
716	15:14:24.988729	2021/11/09	208382	645.00	10.00	14.76	28.19	101367.18	1823	0	Tsung-DaoLee	
717	15:14:25.453474	2021/11/09	208850	152.00	6.00	8.06	28.19	101367.02	52461	0	Tsung-DaoLee	
718	15:14:25.473950	2021/11/09	208872	240.00	2.00	9.98	28.19	101367.02	3804	0	Tsung-DaoLee	
719	15:14:25.536852	2021/11/09	208932	671.00	13.00	15.81	28.19	101367.02	1821	0	Tsung-DaoLee	
720	15:14:26.084729	2021/11/09	209477	130.00	6.00	7.43	28.19	101367.27	1824	0	Tsung-DaoLee	
721	15:14:26.224340	2021/11/09	209617	561.00	8.00	13.39	28.19	101367.10	52462	0	Tsung-DaoLee	
722	15:14:26.317452	2021/11/09	209717	147.00	6.00	7.92	28.19	101367.10	2768	0	Tsung-DaoLee	
723	15:14:26.491146	2021/11/09	209884	634.00	10.00	14.65	28.19	101367.10	1822	0	Tsung-DaoLee	
724	15:14:27.205352	2021/11/09	210598	928.00	124.00	34.70	28.19	101367.38	52462	1	Tsung-DaoLee	
725	15:14:27.360012	2021/11/09	210752	953.00	254.00	50.70	28.19	101367.38	3951	0	Tsung-DaoLee	
726	15:14:28.278361	2021/11/09	211676	913.00	106.00	31.18	28.20	101367.45	52467	0	Tsung-DaoLee	
727	15:14:28.319300	2021/11/09	211713	81.00	6.00	6.15	28.20	101367.45	1825	0	Tsung-DaoLee	
728	15:14:28.711356	2021/11/09	212108	666.00	12.00	15.49	28.20	101367.45	1822	0	Tsung-DaoLee	
729	15:14:28.960194	2021/11/09	212351	81.00	6.00	6.15	28.20	101367.89	1824	0	Tsung-DaoLee	
730	15:14:29.336881	2021/11/09	212733	549.00	7.00	13.13	28.20	101368.01	52460	0	Tsung-DaoLee	
731	15:14:29.643366	2021/11/09	213036	944.00	175.00	42.76	28.20	101368.01	1824	0	Tsung-DaoLee	
732	15:14:29.817064	2021/11/09	213210	111.00	6.00	6.89	28.20	101368.01	3808	0	Tsung-DaoLee	
733	15:14:29.829394	2021/11/09	213224	602.00	8.00	13.85	28.20	101368.01	1823	0	Tsung-DaoLee	
734	15:14:30.064867	2021/11/09	213462	113.00	6.00	6.94	28.20	101367.69	1821	0	Tsung-DaoLee	
735	15:14:30.177865	2021/11/09	213572	718.00	21.00	18.24	28.20	101367.69	52462	0	Tsung-DaoLee	
736	15:14:30.347132	2021/11/09	213739	141.00	6.00	7.75	28.20	101367.69	1823	0	Tsung-DaoLee	
737	15:14:30.917943	2021/11/09	214316	364.00	6.00	11.69	28.20	101367.92	1822	0	Tsung-DaoLee	
738	15:14:31.416469	2021/11/09	214808	185.00	6.00	8.93	28.20	101367.61	52462	0	Tsung-DaoLee	
739	15:14:31.953095	2021/11/09	215345	543.00	8.00	13.20	28.21	101367.88	3805	0	Tsung-DaoLee	
740	15:14:32.247548	2021/11/09	215640	918.00	109.00	31.77	28.21	101367.72	52460	0	Tsung-DaoLee	
741	15:14:32.627684	2021/11/09	216023	307.00	6.00	11.08	28.21	101368.12	1825	0	Tsung-DaoLee	
742	15:14:32.801771	2021/11/09	216195	64.00	6.00	5.91	28.21	101368.12	1829	0	Tsung-DaoLee	
743	15:14:32.947868	2021/11/09	216339	121.00	6.00	7.17	28.21	101368.12	1826	0	Tsung-DaoLee	
744	15:14:33.742142	2021/11/09	217137	793.00	41.00	21.58	28.21	101368.41	52465	0	Tsung-DaoLee	
745	15:14:33.752380	2021/11/09	217146	954.00	415.00	76.51	28.21	101368.41	1825	0	Tsung-DaoLee	
746	15:14:33.983508	2021/11/09	217377	948.00	142.00	37.97	28.21	101368.41	3807	1	Tsung-DaoLee	
747	15:14:34.805435	2021/11/09	218197	64.00	6.00	5.91	28.21	101368.36	52462	0	Tsung-DaoLee	
748	15:14:35.187794	2021/11/09	218586	239.00	6.00	10.06	28.21	101368.36	52461	0	Tsung-DaoLee	
749	15:14:35.198069	2021/11/09	218591	89.00	6.00	6.32	28.21	101368.36	1822	0	Tsung-DaoLee	
750	15:14:35.668551	2021/11/09	219060	167.00	6.00	8.47	28.21	101368.19	1822	0	Tsung-DaoLee	
751	15:14:36.043331	2021/11/09	219438	77.00	6.00	6.08	28.22	101367.95	1824	0	Tsung-DaoLee	
752	15:14:36.510026	2021/11/09	219903	629.00	10.00	14.59	28.22	101367.78	52460	0	Tsung-DaoLee	
753	15:14:36.655730	2021/11/09	220054	421.00	7.00	12.21	28.22	101367.78	4891	0	Tsung-DaoLee	
754	15:14:37.001558	2021/11/09	220395	858.00	60.00	23.65	28.22	101368.06	1825	0	Tsung-DaoLee	
